id,gene_id,value
1,1,10.193632
1,2,2.05618
1,3,1.514553
1,4,5.60405
1,5,2.49014
1,6,-0.64322
1,7,6.032461
1,8,2.776457
1,9,2.585125
1,10,-1.243535
1,11,-2.079549
1,12,5.593184
1,13,4.289636
1,14,0.966941
1,15,-3.83929
1,16,-1.897051
1,17,4.765457
1,18,1.495061
1,19,0.135879
1,20,0.877655
1,21,1.743027
1,22,3.210641
1,23,0.97255
1,24,-1.500732
1,25,2.041808
1,26,2.348253
1,27,2.999318
1,28,4.280522
1,29,-3.09437
1,30,5.167433
1,31,3.118503
1,32,1.29102
1,33,6.157253
1,34,5.468419
1,35,-6.653053
1,36,-0.265954
1,37,11.047452
1,38,2.49499
1,39,5.373005
1,40,-1.532324
1,41,-3.717241
1,42,2.216004
1,43,3.150212
1,44,1.479056
1,45,-1.441473
1,46,4.273551
1,47,10.1719
1,48,3.832693
1,49,8.737605
1,50,0.934988
1,51,2.155729
1,52,3.875265
1,53,4.685518
1,54,6.599832
1,55,-11.897379
1,56,-11.614233
1,57,-11.746523
1,58,-11.851412
1,59,-11.744101
1,60,-11.277672
2,1,2.05618
2,2,9.752113
2,3,-1.303444
2,4,5.961561
2,5,1.48326
2,6,-1.679674
2,7,2.918869
2,8,5.156925
2,9,4.818158
2,10,-0.321598
2,11,0.654137
2,12,0.523456
2,13,0.562221
2,14,-0.381978
2,15,-1.967891
2,16,1.624867
2,17,-2.840937
2,18,1.658624
2,19,3.99854
2,20,0.568178
2,21,2.538251
2,22,2.557336
2,23,3.770962
2,24,-2.24181
2,25,-0.242089
2,26,3.491054
2,27,2.213653
2,28,3.388307
2,29,-0.967705
2,30,-1.371738
2,31,7.11684
2,32,1.128471
2,33,-0.216773
2,34,-2.192134
2,35,-1.991002
2,36,-0.411415
2,37,7.106956
2,38,5.931374
2,39,-2.600945
2,40,-2.01271
2,41,-2.518918
2,42,0.046325
2,43,-3.475384
2,44,-2.909708
2,45,3.545631
2,46,4.969104
2,47,7.728063
2,48,1.645567
2,49,4.453026
2,50,0.698074
2,51,-0.118924
2,52,6.704376
2,53,3.910254
2,54,-0.112856
2,55,-9.970527
2,56,-10.111466
2,57,-9.117629
2,58,-9.689418
2,59,-9.925838
2,60,-9.610051
3,1,-1.514553
3,2,1.303444
3,3,-9.875301
3,4,-8.564297
3,5,-6.020331
3,6,-10.993072
3,7,-0.649279
3,8,-6.329763
3,9,-6.145269
3,10,1.221302
3,11,-3.83349
3,12,0.274014
3,13,-6.688449
3,14,4.942647
3,15,3.463826
3,16,0.677521
3,17,-1.859845
3,18,-2.404938
3,19,-4.195426
3,20,-7.920006
3,21,-1.71245
3,22,-3.509222
3,23,-1.681087
3,24,-2.659126
3,25,-2.051536
3,26,-1.596811
3,27,-7.869431
3,28,0.423318
3,29,6.547877
3,30,-0.271688
3,31,1.539764
3,32,0.363042
3,33,3.930711
3,34,2.230173
3,35,1.551005
3,36,-1.931332
3,37,-3.390929
3,38,4.696157
3,39,-6.891499
3,40,-2.312142
3,41,-2.491539
3,42,-6.590252
3,43,-1.701519
3,44,-3.740894
3,45,-4.759813
3,46,-4.939048
3,47,4.603454
3,48,-2.041624
3,49,-5.996929
3,50,2.938993
3,51,1.188105
3,52,2.352843
3,53,-6.393442
3,54,0.901537
3,55,10.279825
3,56,9.909154
3,57,10.3194
3,58,10.523336
3,59,10.838352
3,60,10.618308
4,1,-5.60405
4,2,-5.961561
4,3,-8.564297
4,4,-21.716288
4,5,-10.240161
4,6,-5.750397
4,7,-7.651938
4,8,-10.63544
4,9,-12.379886
4,10,1.788012
4,11,-6.887863
4,12,-2.447371
4,13,-13.374342
4,14,1.702248
4,15,6.772891
4,16,-2.018969
4,17,-4.914652
4,18,-3.32186
4,19,-9.431577
4,20,-7.636776
4,21,-5.495603
4,22,-11.37565
4,23,-3.751668
4,24,-0.849949
4,25,-1.891405
4,26,-5.193072
4,27,-11.850061
4,28,-6.459074
4,29,9.642705
4,30,0.757827
4,31,-4.290955
4,32,2.838821
4,33,5.066192
4,34,2.581991
4,35,3.944048
4,36,-2.186054
4,37,-12.324013
4,38,-5.248921
4,39,-6.437884
4,40,0.85988
4,41,-0.368947
4,42,-8.286143
4,43,-3.289364
4,44,-6.572297
4,45,-8.806739
4,46,-8.754332
4,47,-9.246814
4,48,-8.050748
4,49,-9.228802
4,50,-0.23476
4,51,4.087171
4,52,-4.226248
4,53,-10.26186
4,54,-0.219447
4,55,31.647161
4,56,30.4466
4,57,30.541784
4,58,31.366446
4,59,31.461254
4,60,31.442642
5,1,-2.49014
5,2,-1.48326
5,3,-6.020331
5,4,-10.240161
5,5,-16.57232
5,6,-8.017628
5,7,-5.586522
5,8,-5.549863
5,9,-11.235511
5,10,2.083482
5,11,-1.942325
5,12,-1.381898
5,13,-9.9568
5,14,4.094954
5,15,-0.670697
5,16,2.727702
5,17,-10.053526
5,18,-7.306635
5,19,-14.180792
5,20,-4.895787
5,21,-1.536795
5,22,-14.46169
5,23,-0.685296
5,24,-6.834708
5,25,-2.295089
5,26,-1.361821
5,27,-10.333547
5,28,-8.487766
5,29,1.487935
5,30,-0.338138
5,31,-10.109883
5,32,3.641258
5,33,-1.816516
5,34,3.849359
5,35,1.114731
5,36,-4.373004
5,37,-12.764417
5,38,-3.197092
5,39,-9.225346
5,40,0.241129
5,41,-4.519684
5,42,-6.59456
5,43,-4.935987
5,44,1.288513
5,45,-8.121321
5,46,-10.023509
5,47,-11.36781
5,48,-7.486471
5,49,-8.86884
5,50,-1.879688
5,51,-0.016927
5,52,-8.389709
5,53,-13.250606
5,54,-8.659753
5,55,37.150946
5,56,36.582765
5,57,36.903617
5,58,37.787784
5,59,37.405113
5,60,36.93081
6,1,-0.64322
6,2,-1.679674
6,3,10.993072
6,4,5.750397
6,5,8.017628
6,6,20.399252
6,7,-6.907206
6,8,3.247146
6,9,8.419691
6,10,-2.137357
6,11,4.456117
6,12,-2.35966
6,13,8.428295
6,14,-12.674535
6,15,-1.394411
6,16,0.762964
6,17,-0.889775
6,18,3.269019
6,19,6.316047
6,20,7.114799
6,21,3.940621
6,22,5.16807
6,23,-1.086251
6,24,6.348042
6,25,1.096956
6,26,-2.217585
6,27,7.431699
6,28,-4.874961
6,29,-8.940926
6,30,-0.468152
6,31,-2.300326
6,32,-2.052672
6,33,-7.534525
6,34,-2.186569
6,35,0.271424
6,36,1.687306
6,37,1.641002
6,38,-10.468973
6,39,11.593018
6,40,2.380411
6,41,3.370477
6,42,6.621176
6,43,1.871338
6,44,2.134019
6,45,7.730307
6,46,5.794114
6,47,-8.714874
6,48,1.040839
6,49,5.181671
6,50,-2.002042
6,51,-2.647367
6,52,-0.614301
6,53,8.400991
6,54,-1.156986
6,55,-7.602969
6,56,-7.733696
6,57,-8.122266
6,58,-8.091397
6,59,-8.831715
6,60,-8.267891
7,1,-6.032461
7,2,-2.918869
7,3,-0.649279
7,4,-7.651938
7,5,-5.586522
7,6,6.907206
7,7,-12.763795
7,8,-4.765379
7,9,-4.431153
7,10,2.203451
7,11,-0.24552
7,12,-4.189607
7,13,-2.549508
7,14,-6.914311
7,15,2.699963
7,16,1.924267
7,17,-6.262718
7,18,-2.290069
7,19,-2.275144
7,20,-3.243457
7,21,2.029575
7,22,-3.949068
7,23,-5.09494
7,24,1.532024
7,25,-1.513965
7,26,-4.850073
7,27,-4.77874
7,28,-9.886535
7,29,-1.579265
7,30,-1.402222
7,31,-8.467368
7,32,-1.38788
7,33,-6.342851
7,34,-1.535572
7,35,3.082829
7,36,-1.407842
7,37,-11.602724
7,38,-8.42594
7,39,-0.360438
7,40,0.906679
7,41,-0.238557
7,42,-4.032277
7,43,-2.120319
7,44,-0.034251
7,45,-2.71724
7,46,-4.027731
7,47,-14.346455
7,48,-5.45519
7,49,-7.309845
7,50,-0.762603
7,51,-1.428509
7,52,-3.808545
7,53,-6.09699
7,54,-6.199109
7,55,23.97888
7,56,23.301342
7,57,23.060592
7,58,23.863961
7,59,23.383909
7,60,23.317059
8,1,-2.776457
8,2,-5.156925
8,3,-6.329763
8,4,-10.63544
8,5,-5.549863
8,6,-3.247146
8,7,-4.765379
8,8,-12.663188
8,9,-4.939434
8,10,-1.66998
8,11,-3.614298
8,12,-0.378581
8,13,-3.171896
8,14,0.552402
8,15,4.751429
8,16,0.701809
8,17,-2.873889
8,18,-2.504049
8,19,-7.758414
8,20,-6.099134
8,21,-3.116526
8,22,-5.414096
8,23,-4.488067
8,24,1.536695
8,25,-1.749209
8,26,-6.64401
8,27,-9.130949
8,28,-3.474021
8,29,1.980513
8,30,-1.696217
8,31,-0.976635
8,32,-0.630806
8,33,3.646094
8,34,7.708047
8,35,4.221192
8,36,-1.919629
8,37,-8.687622
8,38,-2.113592
8,39,-2.314125
8,40,-1.762973
8,41,0.889126
8,42,-3.255245
8,43,2.664022
8,44,-2.834096
8,45,-2.419474
8,46,-6.073651
8,47,-0.423805
8,48,-4.491674
8,49,-5.119718
8,50,2.924096
8,51,-1.702781
8,52,-2.677571
8,53,-6.149187
8,54,-0.532869
8,55,13.253791
8,56,12.911207
8,57,12.773793
8,58,13.621212
8,59,13.400713
8,60,13.100016
9,1,-2.585125
9,2,-4.818158
9,3,-6.145269
9,4,-12.379886
9,5,-11.235511
9,6,-8.419691
9,7,-4.431153
9,8,-4.939434
9,9,-13.114342
9,10,2.815138
9,11,-4.128714
9,12,-1.186395
9,13,-8.032929
9,14,3.38647
9,15,2.099303
9,16,-1.00649
9,17,-1.822949
9,18,-5.123554
9,19,-8.078378
9,20,-4.93793
9,21,-2.472699
9,22,-8.809431
9,23,-3.64531
9,24,-2.193777
9,25,-3.085321
9,26,-1.009718
9,27,-6.767527
9,28,-5.976981
9,29,6.298129
9,30,2.53974
9,31,-8.171277
9,32,0.789027
9,33,1.672072
9,34,1.795803
9,35,0.670882
9,36,-2.913137
9,37,-10.348866
9,38,-2.848461
9,39,-7.108814
9,40,1.933716
9,41,-2.550556
9,42,-8.391188
9,43,-3.296302
9,44,0.489734
9,45,-9.951666
9,46,-10.19394
9,47,-8.610389
9,48,-4.616668
9,49,-10.068043
9,50,-2.586054
9,51,3.09649
9,52,-6.769369
9,53,-11.162003
9,54,-3.338671
9,55,30.034614
9,56,29.66607
9,57,29.29195
9,58,30.190945
9,59,30.542154
9,60,29.939823
10,1,-1.243535
10,2,-0.321598
10,3,-1.221302
10,4,-1.788012
10,5,-2.083482
10,6,-2.137357
10,7,-2.203451
10,8,1.66998
10,9,-2.815138
10,10,5.006306
10,11,-2.119183
10,12,-0.529657
10,13,-3.788539
10,14,2.368633
10,15,-0.3988
10,16,-0.703584
10,17,0.624432
10,18,-0.721667
10,19,1.182209
10,20,-3.957499
10,21,0.503993
10,22,-0.231501
10,23,-1.323276
10,24,-3.803897
10,25,2.966475
10,26,0.331368
10,27,-2.628925
10,28,-0.185842
10,29,1.599822
10,30,0.432496
10,31,-4.207319
10,32,1.646528
10,33,-1.086216
10,34,-4.401181
10,35,-0.415207
10,36,1.129285
10,37,-3.509593
10,38,2.615387
10,39,-2.165291
10,40,0.371756
10,41,-2.491078
10,42,-2.759794
10,43,-1.454478
10,44,-0.612273
10,45,-6.268654
10,46,2.091844
10,47,-3.978915
10,48,-1.412068
10,49,-1.943365
10,50,0.921809
10,51,2.063247
10,52,0.528708
10,53,-4.679155
10,54,-0.392421
10,55,7.845345
10,56,7.628056
10,57,7.345253
10,58,7.362745
10,59,7.494395
10,60,7.774066
11,1,-2.079549
11,2,0.654137
11,3,3.83349
11,4,6.887863
11,5,1.942325
11,6,4.456117
11,7,0.24552
11,8,3.614298
11,9,4.128714
11,10,-2.119183
11,11,9.922325
11,12,-1.449342
11,13,2.84141
11,14,-1.32281
11,15,-1.6537
11,16,4.625835
11,17,-3.163386
11,18,-0.94095
11,19,-0.176481
11,20,4.544115
11,21,3.396958
11,22,1.388224
11,23,3.313706
11,24,0.25361
11,25,-2.438914
11,26,1.355518
11,27,3.929055
11,28,-2.208192
11,29,-3.535069
11,30,-1.257364
11,31,-4.434167
11,32,-3.175241
11,33,-10.14749
11,34,-3.96893
11,35,0.827622
11,36,-0.184114
11,37,1.947067
11,38,-5.455646
11,39,4.038933
11,40,-0.299669
11,41,2.460488
11,42,4.558627
11,43,-0.093505
11,44,7.856568
11,45,8.001582
11,46,-4.199264
11,47,-4.975132
11,48,3.238655
11,49,-3.724191
11,50,-0.505915
11,51,-4.791119
11,52,-1.617608
11,53,3.638074
11,54,-3.769691
11,55,-5.078497
11,56,-4.594594
11,57,-4.231688
11,58,-4.963247
11,59,-4.783186
11,60,-5.195951
12,1,5.593184
12,2,0.523456
12,3,-0.274014
12,4,2.447371
12,5,1.381898
12,6,-2.35966
12,7,4.189607
12,8,0.378581
12,9,1.186395
12,10,-0.529657
12,11,-1.449342
12,12,4.159708
12,13,1.479412
12,14,1.579959
12,15,0.088794
12,16,-2.388218
12,17,2.942691
12,18,2.371587
12,19,-0.941058
12,20,-0.39121
12,21,0.729182
12,22,1.780911
12,23,0.244267
12,24,-0.648299
12,25,2.270643
12,26,0.30875
12,27,-0.248401
12,28,3.217981
12,29,-1.234927
12,30,2.726371
12,31,2.489831
12,32,-0.151708
12,33,6.340573
12,34,2.863808
12,35,-4.352263
12,36,0.40753
12,37,6.125581
12,38,0.442643
12,39,2.55255
12,40,-3.644533
12,41,-0.741379
12,42,1.9082
12,43,3.854228
12,44,0.888097
12,45,-1.509377
12,46,1.758243
12,47,6.234277
12,48,0.79926
12,49,5.630228
12,50,1.763156
12,51,0.937474
12,52,2.84666
12,53,2.595643
12,54,4.685389
12,55,-7.808662
12,56,-7.553485
12,57,-7.558176
12,58,-7.734898
12,59,-7.431334
12,60,-7.301332
13,1,-4.289636
13,2,-0.562221
13,3,-6.688449
13,4,-13.374342
13,5,-9.9568
13,6,-8.428295
13,7,-2.549508
13,8,-3.171896
13,9,-8.032929
13,10,3.788539
13,11,-2.84141
13,12,-1.479412
13,13,-15.081308
13,14,6.653191
13,15,2.679013
13,16,-0.062388
13,17,-7.373409
13,18,-2.987398
13,19,-8.914606
13,20,-6.184546
13,21,-3.740163
13,22,-11.165169
13,23,2.060451
13,24,-7.466133
13,25,1.523569
13,26,-0.96386
13,27,-10.667994
13,28,-2.798134
13,29,7.380843
13,30,-0.715181
13,31,-4.591726
13,32,5.513991
13,33,1.477617
13,34,-2.778322
13,35,1.911448
13,36,-0.822754
13,37,-8.002783
13,38,-0.599659
13,39,-7.888258
13,40,-0.885231
13,41,-2.105329
13,42,-4.754041
13,43,-5.02532
13,44,-4.121982
13,45,-7.316653
13,46,-4.535911
13,47,-8.259651
13,48,-6.640748
13,49,-5.985565
13,50,0.809148
13,51,3.106143
13,52,-1.98038
13,53,-8.964764
13,54,-1.824577
13,55,24.167815
13,56,23.204679
13,57,23.939008
13,58,23.816532
13,59,23.922997
13,60,24.178326
14,1,0.966941
14,2,-0.381978
14,3,-4.942647
14,4,-1.702248
14,5,-4.094954
14,6,-12.674535
14,7,6.914311
14,8,-0.552402
14,9,-3.38647
14,10,2.368633
14,11,-1.32281
14,12,1.579959
14,13,-6.653191
14,14,12.316301
14,15,-2.72176
14,16,1.169341
14,17,1.195078
14,18,-3.933081
14,19,-4.869943
14,20,-4.587875
14,21,-3.800438
14,22,-3.935663
14,23,3.243978
14,24,-8.119743
14,25,1.905603
14,26,2.457425
14,27,-4.609326
14,28,5.290308
14,29,5.153083
14,30,-0.119379
14,31,-1.067991
14,32,4.557565
14,33,1.467693
14,34,0.539364
14,35,0.994984
14,36,0.19527
14,37,-0.54417
14,38,10.032134
14,39,-5.525742
14,40,0.852744
14,41,-3.311817
14,42,-1.749612
14,43,-1.407374
14,44,-0.245973
14,45,-4.887163
14,46,-0.924559
14,47,5.322126
14,48,1.37788
14,49,-2.782905
14,50,2.434891
14,51,1.661312
14,52,-0.489925
14,53,-5.854595
14,54,1.542633
14,55,1.1826
14,56,1.3121
14,57,1.422487
14,58,1.05914
14,59,1.393902
14,60,1.47659
15,1,-3.83929
15,2,-1.967891
15,3,-3.463826
15,4,-6.772891
15,5,0.670697
15,6,-1.394411
15,7,-2.699963
15,8,-4.751429
15,9,-2.099303
15,10,-0.3988
15,11,-1.6537
15,12,0.088794
15,13,-2.679013
15,14,-2.72176
15,15,9.309509
15,16,-4.24403
15,17,-0.371056
15,18,5.017765
15,19,-0.237267
15,20,-1.734409
15,21,-0.734092
15,22,0.227192
15,23,-2.953078
15,24,5.194033
15,25,0.124449
15,26,-4.245363
15,27,-4.385904
15,28,-1.110676
15,29,3.435619
15,30,-0.897715
15,31,3.314261
15,32,-4.225893
15,33,7.20342
15,34,-1.746801
15,35,0.238311
15,36,0.893867
15,37,-2.722459
15,38,-6.728649
15,39,-1.563701
15,40,-6.180446
15,41,5.545816
15,42,-0.587881
15,43,3.689396
15,44,-2.6788
15,45,-0.424992
15,46,-3.554483
15,47,-2.12439
15,48,-5.078384
15,49,-0.690609
15,50,1.465035
15,51,-0.106007
15,52,1.77969
15,53,0.717613
15,54,1.767041
15,55,1.909385
15,56,1.776808
15,57,2.012358
15,58,1.983306
15,59,2.569567
15,60,2.105664
16,1,-1.897051
16,2,1.624867
16,3,-0.677521
16,4,2.018969
16,5,-2.727702
16,6,0.762964
16,7,-1.924267
16,8,-0.701809
16,9,1.00649
16,10,-0.703584
16,11,4.625835
16,12,-2.388218
16,13,0.062388
16,14,1.169341
16,15,-4.24403
16,16,6.772645
16,17,-4.568702
16,18,-5.445996
16,19,-2.179503
16,20,-1.013639
16,21,1.352538
16,22,-1.825651
16,23,1.691446
16,24,-3.299553
16,25,-3.01149
16,26,0.599664
16,27,-0.239668
16,28,-2.395301
16,29,-1.724933
16,30,-2.080704
16,31,-4.240065
16,32,0.890929
16,33,-10.275018
16,34,0.523638
16,35,3.46745
16,36,-1.854974
16,37,-2.312204
16,38,2.384599
16,39,-0.201744
16,40,3.166319
16,41,-2.728101
16,42,-0.722845
16,43,-3.585955
16,44,2.869894
16,45,3.541228
16,46,-2.592832
16,47,-1.474409
16,48,2.682627
16,49,-6.072653
16,50,0.610124
16,51,-3.268349
16,52,-1.534813
16,53,-2.491249
16,54,-4.55369
16,55,4.373972
16,56,4.330161
16,57,4.585502
16,58,4.529989
16,59,4.08482
16,60,4.08057
17,1,-4.765457
17,2,2.840937
17,3,-1.859845
17,4,-4.914652
17,5,-10.053526
17,6,0.889775
17,7,-6.262718
17,8,-2.873889
17,9,-1.822949
17,10,-0.624432
17,11,3.163386
17,12,-2.942691
17,13,-7.373409
17,14,-1.195078
17,15,0.371056
17,16,4.568702
17,17,-14.260832
17,18,-3.240074
17,19,-9.864314
17,20,-0.606316
17,21,0.443866
17,22,-11.087141
17,23,2.898307
17,24,-4.371809
17,25,-1.357438
17,26,-2.030556
17,27,-7.27082
17,28,-7.807524
17,29,-2.495904
17,30,-4.202917
17,31,-4.963551
17,32,2.731574
17,33,-5.769081
17,34,0.014601
17,35,2.608678
17,36,-2.730825
17,37,-8.454624
17,38,-6.354883
17,39,-5.162293
17,40,-2.023813
17,41,-0.644972
17,42,-0.438411
17,43,-4.640472
17,44,-0.093516
17,45,1.782439
17,46,-5.136173
17,47,-11.425283
17,48,-7.073928
17,49,-4.09512
17,50,-0.669503
17,51,-3.462253
17,52,-4.195168
17,53,-5.124248
17,54,-9.216283
17,55,22.374656
17,56,21.66954
17,57,22.820094
17,58,22.909307
17,59,22.121447
17,60,22.02302
18,1,-1.495061
18,2,-1.658624
18,3,-2.404938
18,4,-3.32186
18,5,-7.306635
18,6,-3.269019
18,7,-2.290069
18,8,-2.504049
18,9,-5.123554
18,10,0.721667
18,11,0.94095
18,12,-2.371587
18,13,-2.987398
18,14,3.933081
18,15,-5.017765
18,16,5.445996
18,17,-3.240074
18,18,-8.266982
18,19,-5.622295
18,20,-2.748994
18,21,-1.155501
18,22,-5.909597
18,23,0.123473
18,24,-4.810871
18,25,-3.51894
18,26,0.870276
18,27,-2.298309
18,28,-3.710322
18,29,1.213388
18,30,-0.185608
18,31,-7.531866
18,32,2.907961
18,33,-8.062249
18,34,2.894843
18,35,3.545663
18,36,-2.863157
18,37,-6.444939
18,38,3.393632
18,39,-3.125842
18,40,5.976448
18,41,-4.733085
18,42,-4.381092
18,43,-5.001189
18,44,2.270424
18,45,-2.391444
18,46,-5.286477
18,47,-3.762617
18,48,1.355178
18,49,-8.862198
18,50,-1.18705
18,51,-0.55265
18,52,-5.496285
18,53,-7.747878
18,54,-4.887152
18,55,16.451295
18,56,16.271063
18,57,16.069981
18,58,16.576562
18,59,16.18018
18,60,16.075936
19,1,-0.135879
19,2,-3.99854
19,3,-4.195426
19,4,-9.431577
19,5,-14.180792
19,6,-6.316047
19,7,-2.275144
19,8,-7.758414
19,9,-8.078378
19,10,-1.182209
19,11,0.176481
19,12,0.941058
19,13,-8.914606
19,14,4.869943
19,15,0.237267
19,16,2.179503
19,17,-9.864314
19,18,-5.622295
19,19,-17.751266
19,20,-2.775226
19,21,-2.618001
19,22,-15.035871
19,23,1.166365
19,24,-5.911094
19,25,-0.986919
19,26,-2.965872
19,27,-10.825043
19,28,-7.005579
19,29,-0.366175
19,30,0.087011
19,31,-8.699248
19,32,3.490217
19,33,1.017713
19,34,7.321474
19,35,0.426782
19,36,-3.770077
19,37,-9.105276
19,38,-7.011259
19,39,-4.492986
19,40,-2.275628
19,41,-1.761298
19,42,-1.36023
19,43,-0.481827
19,44,3.019468
19,45,-4.483263
19,46,-10.620317
19,47,-9.174865
19,48,-7.089934
19,49,-5.047085
19,50,-0.273004
19,51,-1.598974
19,52,-8.621265
19,53,-9.214709
19,54,-5.507935
19,55,28.645781
19,56,28.292693
19,57,28.760759
19,58,29.311094
19,59,29.020053
19,60,28.605564
20,1,0.877655
20,2,0.568178
20,3,7.920006
20,4,7.636776
20,5,4.895787
20,6,7.114799
20,7,3.243457
20,8,6.099134
20,9,4.93793
20,10,-3.957499
20,11,4.544115
20,12,-0.39121
20,13,6.184546
20,14,-4.587875
20,15,-1.734409
20,16,-1.013639
20,17,0.606316
20,18,2.748994
20,19,2.775226
20,20,10.195391
20,21,0.550052
20,22,1.847328
20,23,3.287439
20,24,4.67261
20,25,-1.439094
20,26,2.873629
20,27,8.767021
20,28,-0.080454
20,29,-4.120738
20,30,-0.187375
20,31,2.444884
20,32,-1.649169
20,33,-1.502441
20,34,-1.027129
20,35,-1.423044
20,36,0.515094
20,37,4.760833
20,38,-5.353212
20,39,3.438767
20,40,1.507781
20,41,4.248516
20,42,5.874028
20,43,0.438274
20,44,3.182458
20,45,7.511382
20,46,0.816688
20,47,-1.981464
20,48,1.79884
20,49,4.995856
20,50,-4.805785
20,51,-1.43386
20,52,-2.937581
20,53,7.700505
20,54,-1.865158
20,55,-11.089568
20,56,-10.605081
20,57,-10.52839
20,58,-10.804483
20,59,-10.922649
20,60,-11.231215
21,1,-1.743027
21,2,-2.538251
21,3,-1.71245
21,4,-5.495603
21,5,-1.536795
21,6,-3.940621
21,7,2.029575
21,8,-3.116526
21,9,-2.472699
21,10,-0.503993
21,11,-3.396958
21,12,-0.729182
21,13,-3.740163
21,14,3.800438
21,15,0.734092
21,16,-1.352538
21,17,0.443866
21,18,-1.155501
21,19,-2.618001
21,20,-0.550052
21,21,-5.139475
21,22,-3.987279
21,23,0.725611
21,24,-0.507724
21,25,0.229575
21,26,-0.461693
21,27,-2.347143
21,28,1.671955
21,29,4.001564
21,30,-1.344357
21,31,2.301119
21,32,3.015029
21,33,3.734068
21,34,2.312327
21,35,2.942226
21,36,0.17664
21,37,-3.451298
21,38,3.258157
21,39,-3.86736
21,40,2.308597
21,41,0.919664
21,42,-1.026847
21,43,-0.963666
21,44,-4.235304
21,45,-1.655731
21,46,-0.268248
21,47,1.147668
21,48,-1.671774
21,49,-0.505737
21,50,-0.642751
21,51,1.704544
21,52,-2.583367
21,53,-2.574239
21,54,0.532686
21,55,2.725983
21,56,2.521152
21,57,2.466152
21,58,2.691576
21,59,2.558283
21,60,2.590138
22,1,-3.210641
22,2,-2.557336
22,3,-3.509222
22,4,-11.37565
22,5,-14.46169
22,6,-5.16807
22,7,-3.949068
22,8,-5.414096
22,9,-8.809431
22,10,0.231501
22,11,-1.388224
22,12,-1.780911
22,13,-11.165169
22,14,3.935663
22,15,-0.227192
22,16,1.825651
22,17,-11.087141
22,18,-5.909597
22,19,-15.035871
22,20,-1.847328
22,21,-3.987279
22,22,-16.18821
22,23,1.880135
22,24,-6.048785
22,25,-1.170615
22,26,-1.637702
22,27,-9.651634
22,28,-7.582051
22,29,1.680269
22,30,-1.44228
22,31,-7.76534
22,32,5.525003
22,33,-0.57704
22,34,3.983719
22,35,2.330885
22,36,-3.392965
22,37,-11.852953
22,38,-5.107391
22,39,-7.858528
22,40,0.902366
22,41,-1.933635
22,42,-3.219196
22,43,-4.695649
22,44,-0.646556
22,45,-5.064915
22,46,-8.390707
22,47,-12.337695
22,48,-8.284396
22,49,-5.827154
22,50,-2.562295
22,51,0.149992
22,52,-9.316248
22,53,-10.296353
22,54,-7.677958
22,55,32.757978
22,56,32.033266
22,57,32.590736
22,58,33.220483
22,59,32.650338
22,60,32.421744
23,1,-0.97255
23,2,-3.770962
23,3,-1.681087
23,4,-3.751668
23,5,-0.685296
23,6,1.086251
23,7,-5.09494
23,8,-4.488067
23,9,-3.64531
23,10,1.323276
23,11,-3.313706
23,12,-0.244267
23,13,2.060451
23,14,-3.243978
23,15,2.953078
23,16,-1.691446
23,17,2.898307
23,18,0.123473
23,19,1.166365
23,20,-3.287439
23,21,0.725611
23,22,1.880135
23,23,-6.143558
23,24,3.575315
23,25,-0.630543
23,26,-3.346373
23,27,-1.814174
23,28,-2.706958
23,29,0.193537
23,30,1.112993
23,31,-2.311957
23,32,-3.052326
23,33,1.901939
23,34,1.729754
23,35,0.311716
23,36,-0.269778
23,37,-4.677044
23,38,-2.17475
23,39,0.588926
23,40,-0.311217
23,41,0.172519
23,42,-3.426052
23,43,2.441579
23,44,-0.208307
23,45,-4.150097
23,46,-1.771745
23,47,-1.91266
23,48,-1.519313
23,49,-2.776583
23,50,0.506159
23,51,0.356585
23,52,-0.805868
23,53,-3.080688
23,54,0.362734
23,55,7.001345
23,56,7.000926
23,57,6.24299
23,58,6.994193
23,59,7.115636
23,60,6.864706
24,1,-1.500732
24,2,-2.24181
24,3,2.659126
24,4,0.849949
24,5,6.834708
24,6,6.348042
24,7,-1.532024
24,8,-1.536695
24,9,2.193777
24,10,-3.803897
24,11,0.25361
24,12,-0.648299
24,13,7.466133
24,14,-8.119743
24,15,5.194033
24,16,-3.299553
24,17,4.371809
24,18,4.810871
24,19,5.911094
24,20,4.67261
24,21,0.507724
24,22,6.048785
24,23,-3.575315
24,24,10.699609
24,25,-3.062582
24,26,-2.160468
24,27,5.417233
24,28,-0.679579
24,29,-0.594738
24,30,0.038623
24,31,5.452406
24,32,-6.386722
24,33,3.478427
24,34,0.787275
24,35,0.337861
24,36,0.569427
24,37,1.803002
24,38,-6.321075
24,39,3.626287
24,40,-0.939262
24,41,6.225844
24,42,1.592282
24,43,3.884909
24,44,-0.434051
24,45,5.308569
24,46,-1.257343
24,47,1.393739
24,48,0.575439
24,49,1.678549
24,50,-1.976431
24,51,-1.094247
24,52,0.414317
24,53,6.543076
24,54,1.693154
24,55,-10.66138
24,56,-10.314226
24,57,-10.688149
24,58,-10.419742
24,59,-10.160654
24,60,-10.730786
25,1,2.041808
25,2,-0.242089
25,3,2.051536
25,4,1.891405
25,5,2.295089
25,6,1.096956
25,7,1.513965
25,8,1.749209
25,9,3.085321
25,10,2.966475
25,11,-2.438914
25,12,2.270643
25,13,-1.523569
25,14,1.905603
25,15,0.124449
25,16,-3.01149
25,17,1.357438
25,18,3.51894
25,19,0.986919
25,20,-1.439094
25,21,-0.229575
25,22,1.170615
25,23,0.630543
25,24,-3.062582
25,25,7.189481
25,26,-0.843276
25,27,-2.292282
25,28,3.341895
25,29,-2.141823
25,30,-0.19006
25,31,0.681717
25,32,2.713521
25,33,4.370218
25,34,-2.136149
25,35,-2.273146
25,36,3.052491
25,37,1.465196
25,38,1.614138
25,39,1.829877
25,40,-3.145771
25,41,-0.0753
25,42,3.412633
25,43,3.263056
25,44,-1.939621
25,45,-3.366511
25,46,7.648441
25,47,0.266028
25,48,-2.174071
25,49,7.291319
25,50,2.83577
25,51,1.263348
25,52,2.74104
25,53,0.83441
25,54,3.19911
25,55,-5.850993
25,56,-5.935531
25,57,-6.036297
25,58,-6.35982
25,59,-6.418801
25,60,-5.739135
26,1,2.348253
26,2,3.491054
26,3,1.596811
26,4,5.193072
26,5,1.361821
26,6,-2.217585
26,7,4.850073
26,8,6.64401
26,9,1.009718
26,10,0.331368
26,11,1.355518
26,12,0.30875
26,13,0.96386
26,14,2.457425
26,15,-4.245363
26,16,0.599664
26,17,2.030556
26,18,-0.870276
26,19,2.965872
26,20,2.873629
26,21,0.461693
26,22,1.637702
26,23,3.346373
26,24,-2.160468
26,25,-0.843276
26,26,5.175708
26,27,5.19039
26,28,2.984762
26,29,0.897465
26,30,1.359392
26,31,1.298042
26,32,1.443642
26,33,-1.931336
26,34,-2.287054
26,35,-1.807359
26,36,-0.065673
26,37,5.317328
26,38,4.730497
26,39,-0.963306
26,40,2.812859
26,41,-2.127769
26,42,0.001306
26,43,-3.258156
26,44,1.23687
26,45,0.835813
26,46,1.737743
26,47,3.475377
26,48,3.96144
26,49,1.093958
26,50,-2.226377
26,51,1.632557
26,52,0.807988
26,53,1.945461
26,54,0.263094
26,55,-6.326043
26,56,-6.100337
26,57,-5.972034
26,58,-6.357016
26,59,-6.2223
26,60,-6.160107
27,1,-2.999318
27,2,-2.213653
27,3,-7.869431
27,4,-11.850061
27,5,-10.333547
27,6,-7.431699
27,7,-4.77874
27,8,-9.130949
27,9,-6.767527
27,10,2.628925
27,11,-3.929055
27,12,0.248401
27,13,-10.667994
27,14,4.609326
27,15,4.385904
27,16,0.239668
27,17,-7.27082
27,18,-2.298309
27,19,-10.825043
27,20,-8.767021
27,21,-2.347143
27,22,-9.651634
27,23,-1.814174
27,24,-5.417233
27,25,2.292282
27,26,-5.19039
27,27,-13.829307
27,28,-3.67814
27,29,2.797177
27,30,-1.781224
27,31,-4.338892
27,32,2.82488
27,33,3.890989
27,34,2.615467
27,35,1.86599
27,36,-1.225249
27,37,-10.050803
27,38,-1.584908
27,39,-6.115061
27,40,-4.720361
27,41,-1.587112
27,42,-3.871057
27,43,0.325863
27,44,-3.118754
27,45,-7.379057
27,46,-4.608062
27,47,-5.418535
27,48,-8.169189
27,49,-4.416248
27,50,3.928566
27,51,-0.134977
27,52,-1.610232
27,53,-9.821084
27,54,-2.022598
27,55,22.775654
27,56,22.080963
27,57,22.498117
27,58,22.886033
27,59,22.767102
27,60,22.802972
28,1,-4.280522
28,2,-3.388307
28,3,0.423318
28,4,-6.459074
28,5,-8.487766
28,6,4.874961
28,7,-9.886535
28,8,-3.474021
28,9,-5.976981
28,10,0.185842
28,11,2.208192
28,12,-3.217981
28,13,-2.798134
28,14,-5.290308
28,15,1.110676
28,16,2.395301
28,17,-7.807524
28,18,-3.710322
28,19,-7.005579
28,20,0.080454
28,21,1.671955
28,22,-7.582051
28,23,-2.706958
28,24,0.679579
28,25,-3.341895
28,26,-2.984762
28,27,-3.67814
28,28,-11.054175
28,29,-2.265343
28,30,-0.132249
28,31,-10.402094
28,32,-1.207179
28,33,-6.475854
28,34,0.503825
28,35,1.512959
28,36,-2.867753
28,37,-10.440749
28,38,-11.413476
28,39,-0.822297
28,40,1.040274
28,41,-0.029725
28,42,-2.748285
28,43,-2.50529
28,44,3.737404
28,45,-1.588901
28,46,-8.519078
28,47,-15.897445
28,48,-5.258367
28,49,-7.742775
28,50,-3.127097
28,51,-1.971754
28,52,-7.537365
28,53,-5.942054
28,54,-7.962443
28,55,27.346012
28,56,26.934399
28,57,26.879386
28,58,27.628965
28,59,27.265779
28,60,26.801561
29,1,-3.09437
29,2,-0.967705
29,3,-6.547877
29,4,-9.642705
29,5,-1.487935
29,6,-8.940926
29,7,1.579265
29,8,-1.980513
29,9,-6.298129
29,10,1.599822
29,11,-3.535069
29,12,-1.234927
29,13,-7.380843
29,14,5.153083
29,15,3.435619
29,16,-1.724933
29,17,2.495904
29,18,-1.213388
29,19,0.366175
29,20,-4.120738
29,21,-4.001564
29,22,-1.680269
29,23,-0.193537
29,24,-0.594738
29,25,-2.141823
29,26,0.897465
29,27,-2.797177
29,28,2.265343
29,29,10.608246
29,30,0.984267
29,31,2.280769
29,32,0.995124
29,33,3.559049
29,34,-2.254738
29,35,2.299971
29,36,-0.15465
29,37,-1.575893
29,38,4.279955
29,39,-5.589444
29,40,1.946007
29,41,-0.150871
29,42,-5.828101
29,43,-3.448056
29,44,-4.635979
29,45,-4.03281
29,46,-3.793524
29,47,2.466791
29,48,0.202061
29,49,-6.215935
29,50,-0.061014
29,51,4.239637
29,52,1.274535
29,53,-3.55304
29,54,3.268762
29,55,5.032784
29,56,4.662397
29,57,4.781209
29,58,4.663413
29,59,5.333182
29,60,5.232809
30,1,5.167433
30,2,-1.371738
30,3,0.271688
30,4,-0.757827
30,5,0.338138
30,6,-0.468152
30,7,1.402222
30,8,1.696217
30,9,-2.53974
30,10,0.432496
30,11,-1.257364
30,12,2.726371
30,13,0.715181
30,14,-0.119379
30,15,-0.897715
30,16,-2.080704
30,17,4.202917
30,18,0.185608
30,19,-0.087011
30,20,-0.187375
30,21,1.344357
30,22,1.44228
30,23,-1.112993
30,24,0.038623
30,25,-0.19006
30,26,1.359392
30,27,1.781224
30,28,0.132249
30,29,0.984267
30,30,5.569699
30,31,-2.013369
30,32,-0.47332
30,33,2.942663
30,34,1.489765
30,35,-4.501409
30,36,-0.537192
30,37,5.098929
30,38,-2.252072
30,39,3.934671
30,40,0.243163
30,41,-2.204654
30,42,-1.086532
30,43,1.101274
30,44,2.460451
30,45,-3.513887
30,46,-1.301319
30,47,1.544314
30,48,2.314513
30,49,1.090006
30,50,-0.755489
30,51,3.01781
30,52,0.890738
30,53,1.207605
30,54,4.579447
30,55,0.609377
30,56,0.682053
30,57,0.322523
30,58,0.363378
30,59,0.849256
30,60,0.968688
31,1,-3.118503
31,2,-7.11684
31,3,1.539764
31,4,-4.290955
31,5,-10.109883
31,6,2.300326
31,7,-8.467368
31,8,-0.976635
31,9,-8.171277
31,10,4.207319
31,11,4.434167
31,12,-2.489831
31,13,-4.591726
31,14,1.067991
31,15,-3.314261
31,16,4.240065
31,17,-4.963551
31,18,-7.531866
31,19,-8.699248
31,20,-2.444884
31,21,2.301119
31,22,-7.76534
31,23,-2.311957
31,24,-5.452406
31,25,-0.681717
31,26,-1.298042
31,27,-4.338892
31,28,-10.402094
31,29,-2.280769
31,30,2.013369
31,31,-19.765443
31,32,0.573269
31,33,-12.050926
31,34,-2.179027
31,35,0.901676
31,36,-1.862826
31,37,-11.875933
31,38,-8.718262
31,39,1.190393
31,40,3.490899
31,41,-3.250249
31,42,-2.690098
31,43,-2.250938
31,44,9.626612
31,45,-6.504236
31,46,-9.085893
31,47,-19.676259
31,48,-2.355129
31,49,-11.704928
31,50,-1.862336
31,51,-1.425913
31,52,-10.046493
31,53,-10.503845
31,54,-7.719638
31,55,31.423954
31,56,31.327093
31,57,30.611407
31,58,31.131867
31,59,31.118345
31,60,30.82304
32,1,1.29102
32,2,1.128471
32,3,-0.363042
32,4,-2.838821
32,5,-3.641258
32,6,-2.052672
32,7,1.38788
32,8,0.630806
32,9,-0.789027
32,10,1.646528
32,11,-3.175241
32,12,-0.151708
32,13,-5.513991
32,14,4.557565
32,15,-4.225893
32,16,0.890929
32,17,-2.731574
32,18,-2.907961
32,19,-3.490217
32,20,-1.649169
32,21,-3.015029
32,22,-5.525003
32,23,3.052326
32,24,-6.386722
32,25,2.713521
32,26,1.443642
32,27,-2.82488
32,28,1.207179
32,29,0.995124
32,30,-0.47332
32,31,-0.573269
32,32,7.135794
32,33,0.106149
32,34,1.42228
32,35,0.860748
32,36,-0.09794
32,37,-1.330965
32,38,5.581717
32,39,-2.693333
32,40,3.237744
32,41,-4.052884
32,42,-0.739711
32,43,-3.823014
32,44,-3.992032
32,45,-3.414253
32,46,4.11355
32,47,-0.004986
32,48,-1.178562
32,49,2.075677
32,50,-0.050354
32,51,2.512142
32,52,-0.956188
32,53,-3.402692
32,54,-0.167162
32,55,6.257505
32,56,5.701825
32,57,5.922456
32,58,5.965589
32,59,5.367732
32,60,6.125587
33,1,-6.157253
33,2,0.216773
33,3,3.930711
33,4,5.066192
33,5,-1.816516
33,6,7.534525
33,7,-6.342851
33,8,3.646094
33,9,1.672072
33,10,1.086216
33,11,10.14749
33,12,-6.340573
33,13,1.477617
33,14,-1.467693
33,15,-7.20342
33,16,10.275018
33,17,-5.769081
33,18,-8.062249
33,19,1.017713
33,20,1.502441
33,21,3.734068
33,22,-0.57704
33,23,1.901939
33,24,-3.478427
33,25,-4.370218
33,26,1.931336
33,27,3.890989
33,28,-6.475854
33,29,-3.559049
33,30,-2.942663
33,31,-12.050926
33,32,-0.106149
33,33,-22.203623
33,34,-5.761423
33,35,5.883488
33,36,-1.40895
33,37,-6.071825
33,38,-0.62922
33,39,2.176765
33,40,7.889071
33,41,-2.563826
33,42,-0.317325
33,43,-6.806936
33,44,7.596368
33,45,5.771895
33,46,-3.707943
33,47,-11.6302
33,48,4.847467
33,49,-12.001859
33,50,-1.717465
33,51,-4.888241
33,52,-4.983938
33,53,-3.314372
33,54,-9.471169
33,55,9.40097
33,56,9.423193
33,57,9.332961
33,58,9.145432
33,59,8.590049
33,60,8.534814
34,1,5.468419
34,2,-2.192134
34,3,-2.230173
34,4,-2.581991
34,5,-3.849359
34,6,-2.186569
34,7,1.535572
34,8,-7.708047
34,9,-1.795803
34,10,-4.401181
34,11,-3.96893
34,12,2.863808
34,13,2.778322
34,14,0.539364
34,15,-1.746801
34,16,0.523638
34,17,-0.014601
34,18,-2.894843
34,19,-7.321474
34,20,-1.027129
34,21,-2.312327
34,22,-3.983719
34,23,-1.729754
34,24,0.787275
34,25,-2.136149
34,26,-2.287054
34,27,-2.615467
34,28,-0.503825
34,29,-2.254738
34,30,1.489765
34,31,2.179027
34,32,1.42228
34,33,5.761423
34,34,13.109852
34,35,-0.350918
34,36,-3.033371
34,37,0.311133
34,38,1.113516
34,39,0.706664
34,40,0.475288
34,41,-2.2863
34,42,-0.69693
34,43,2.6115
34,44,-0.974981
34,45,-0.712338
34,46,-2.43122
34,47,7.392478
34,48,-0.181478
34,49,2.463602
34,50,0.367695
34,51,-0.586031
34,52,-2.622086
34,53,-1.443878
34,54,1.409761
34,55,2.918347
34,56,2.952024
34,57,2.738306
34,58,3.649854
34,59,3.12096
34,60,3.036843
35,1,-6.653053
35,2,-1.991002
35,3,-1.551005
35,4,-3.944048
35,5,-1.114731
35,6,0.271424
35,7,-3.082829
35,8,-4.221192
35,9,-0.670882
35,10,-0.415207
35,11,0.827622
35,12,-4.352263
35,13,-1.911448
35,14,0.994984
35,15,0.238311
35,16,3.46745
35,17,-2.608678
35,18,-3.545663
35,19,-0.426782
35,20,-1.423044
35,21,-2.942226
35,22,-2.330885
35,23,-0.311716
35,24,0.337861
35,25,-2.273146
35,26,-1.807359
35,27,-1.86599
35,28,-1.512959
35,29,2.299971
35,30,-4.501409
35,31,-0.901676
35,32,0.860748
35,33,-5.883488
35,34,-0.350918
35,35,7.184434
35,36,-0.270769
35,37,-7.729409
35,38,2.865356
35,39,-3.341582
35,40,4.097162
35,41,1.263035
35,42,-1.708502
35,43,-2.847634
35,44,-2.459791
35,45,2.39182
35,46,-1.811945
35,47,-2.862843
35,48,-0.399301
35,49,-6.687798
35,50,0.141656
35,51,-1.958178
35,52,-2.992742
35,53,-3.747296
35,54,-3.989259
35,55,4.903939
35,56,4.672252
35,57,4.636427
35,58,4.870922
35,59,4.445788
35,60,4.33092
36,1,-0.265954
36,2,-0.411415
36,3,1.931332
36,4,2.186054
36,5,4.373004
36,6,1.687306
36,7,1.407842
36,8,1.919629
36,9,2.913137
36,10,1.129285
36,11,-0.184114
36,12,0.40753
36,13,0.822754
36,14,0.19527
36,15,0.893867
36,16,-1.854974
36,17,2.730825
36,18,2.863157
36,19,3.770077
36,20,0.515094
36,21,-0.17664
36,22,3.392965
36,23,0.269778
36,24,0.569427
36,25,3.052491
36,26,-0.065673
36,27,1.225249
36,28,2.867753
36,29,-0.15465
36,30,-0.537192
36,31,1.862826
36,32,-0.09794
36,33,1.40895
36,34,-3.033371
36,35,-0.270769
36,36,2.379014
36,37,1.816437
36,38,1.089285
36,39,1.76662
36,40,-0.945177
36,41,1.728543
36,42,2.373813
36,43,1.955015
36,44,-0.981371
36,45,0.330407
36,46,4.310315
36,47,0.999961
36,48,0.428073
36,49,3.222685
36,50,1.196216
36,51,0.462651
36,52,2.170409
36,53,2.47212
36,54,2.397492
36,55,-9.011261
36,56,-8.906748
36,57,-9.051374
36,58,-9.392686
36,59,-9.243051
36,60,-8.991596
37,1,-11.047452
37,2,-7.106956
37,3,-3.390929
37,4,-12.324013
37,5,-12.764417
37,6,-1.641002
37,7,-11.602724
37,8,-8.687622
37,9,-10.348866
37,10,3.509593
37,11,-1.947067
37,12,-6.125581
37,13,-8.002783
37,14,0.54417
37,15,2.722459
37,16,2.312204
37,17,-8.454624
37,18,-6.444939
37,19,-9.105276
37,20,-4.760833
37,21,-3.451298
37,22,-11.852953
37,23,-4.677044
37,24,-1.803002
37,25,-1.465196
37,26,-5.317328
37,27,-10.050803
37,28,-10.440749
37,29,1.575893
37,30,-5.098929
37,31,-11.875933
37,32,1.330965
37,33,-6.071825
37,34,-0.311133
37,35,7.729409
37,36,-1.816437
37,37,-22.639373
37,38,-4.50949
37,39,-9.410873
37,40,3.026416
37,41,0.634514
37,42,-6.206218
37,43,-3.62232
37,44,-0.70846
37,45,-6.81025
37,46,-8.418842
37,47,-18.966872
37,48,-9.534007
37,49,-12.922634
37,50,-1.960714
37,51,-2.013316
37,52,-11.655614
37,53,-15.076607
37,54,-11.946418
37,55,37.72629
37,56,37.167221
37,57,36.708936
37,58,37.974414
37,59,37.352987
37,60,36.696727
38,1,-2.49499
38,2,-5.931374
38,3,4.696157
38,4,-5.248921
38,5,-3.197092
38,6,10.468973
38,7,-8.42594
38,8,-2.113592
38,9,-2.848461
38,10,-2.615387
38,11,5.455646
38,12,-0.442643
38,13,-0.599659
38,14,-10.032134
38,15,6.728649
38,16,-2.384599
38,17,-6.354883
38,18,3.393632
38,19,-7.011259
38,20,5.353212
38,21,3.258157
38,22,-5.107391
38,23,-2.17475
38,24,6.321075
38,25,-1.614138
38,26,-4.730497
38,27,-1.584908
38,28,-11.413476
38,29,-4.279955
38,30,2.252072
38,31,-8.718262
38,32,-5.581717
38,33,-0.62922
38,34,-1.113516
38,35,-2.865356
38,36,-1.089285
38,37,-4.50949
38,38,-23.978623
38,39,6.225889
38,40,-5.279306
38,41,6.555374
38,42,3.754498
38,43,3.976244
38,44,7.098858
38,45,2.375963
38,46,-10.133483
38,47,-18.847433
38,48,-6.852124
38,49,-1.823037
38,50,-3.333945
38,51,-2.648039
38,52,-6.44106
38,53,2.303078
38,54,-3.748891
38,55,17.701588
38,56,17.603601
38,57,17.727969
38,58,17.891786
38,59,18.216624
38,60,17.517428
39,1,5.373005
39,2,-2.600945
39,3,6.891499
39,4,6.437884
39,5,9.225346
39,6,11.593018
39,7,0.360438
39,8,2.314125
39,9,7.108814
39,10,-2.165291
39,11,4.038933
39,12,2.55255
39,13,7.888258
39,14,-5.525742
39,15,-1.563701
39,16,-0.201744
39,17,5.162293
39,18,3.125842
39,19,4.492986
39,20,3.438767
39,21,3.86736
39,22,7.858528
39,23,-0.588926
39,24,3.626287
39,25,1.829877
39,26,-0.963306
39,27,6.115061
39,28,0.822297
39,29,-5.589444
39,30,3.934671
39,31,-1.190393
39,32,-2.693333
39,33,-2.176765
39,34,0.706664
39,35,-3.341582
39,36,1.76662
39,37,9.410873
39,38,-6.225889
39,39,13.979699
39,40,-0.411236
39,41,1.304426
39,42,6.490719
39,43,5.6753
39,44,4.959839
39,45,4.911346
39,46,3.802198
39,47,1.768939
39,48,5.522843
39,49,5.645478
39,50,1.660366
39,51,-1.033425
39,52,3.281387
39,53,9.144073
39,54,6.510027
39,55,-17.387315
39,56,-17.059681
39,57,-17.562952
39,58,-18.000093
39,59,-17.824896
39,60,-17.275844
40,1,-1.532324
40,2,-2.01271
40,3,2.312142
40,4,-0.85988
40,5,-0.241129
40,6,2.380411
40,7,-0.906679
40,8,1.762973
40,9,-1.933716
40,10,0.371756
40,11,-0.299669
40,12,-3.644533
40,13,0.885231
40,14,0.852744
40,15,-6.180446
40,16,3.166319
40,17,2.023813
40,18,-5.976448
40,19,2.275628
40,20,1.507781
40,21,-2.308597
40,22,-0.902366
40,23,0.311217
40,24,-0.939262
40,25,-3.145771
40,26,2.812859
40,27,4.720361
40,28,-1.040274
40,29,1.946007
40,30,0.243163
40,31,-3.490899
40,32,3.237744
40,33,-7.889071
40,34,0.475288
40,35,4.097162
40,36,-0.945177
40,37,-3.026416
40,38,5.279306
40,39,-0.411236
40,40,10.405189
40,41,-3.083171
40,42,-3.002124
40,43,-5.885426
40,44,-0.48516
40,45,-0.176544
40,46,0.35443
40,47,-1.964476
40,48,4.324624
40,49,-5.230765
40,50,-3.725938
40,51,1.772904
40,52,-4.522671
40,53,-2.774381
40,54,-2.281728
40,55,4.814479
40,56,4.652416
40,57,4.025384
40,58,4.473164
40,59,3.991071
40,60,4.223235
41,1,-3.717241
41,2,-2.518918
41,3,2.491539
41,4,0.368947
41,5,4.519684
41,6,3.370477
41,7,0.238557
41,8,-0.889126
41,9,2.550556
41,10,-2.491078
41,11,2.460488
41,12,-0.741379
41,13,2.105329
41,14,-3.311817
41,15,5.545816
41,16,-2.728101
41,17,0.644972
41,18,4.733085
41,19,1.761298
41,20,4.248516
41,21,-0.919664
41,22,1.933635
41,23,-0.172519
41,24,6.225844
41,25,-0.0753
41,26,-2.127769
41,27,1.587112
41,28,0.029725
41,29,-0.150871
41,30,-2.204654
41,31,3.250249
41,32,-4.052884
41,33,2.563826
41,34,-2.2863
41,35,1.263035
41,36,1.728543
41,37,-0.634514
41,38,-6.555374
41,39,1.304426
41,40,-3.083171
41,41,7.375926
41,42,4.094682
41,43,3.840612
41,44,0.327172
41,45,5.06465
41,46,-1.552122
41,47,-2.645246
41,48,-1.989587
41,49,1.42422
41,50,-0.610273
41,51,-2.105116
41,52,-0.934643
41,53,4.576564
41,54,-0.069534
41,55,-8.0124
41,56,-7.700654
41,57,-7.630202
41,58,-7.894841
41,59,-7.574282
41,60,-8.088332
42,1,-2.216004
42,2,-0.046325
42,3,-6.590252
42,4,-8.286143
42,5,-6.59456
42,6,-6.621176
42,7,-4.032277
42,8,-3.255245
42,9,-8.391188
42,10,2.759794
42,11,-4.558627
42,12,-1.9082
42,13,-4.754041
42,14,1.749612
42,15,0.587881
42,16,0.722845
42,17,-0.438411
42,18,-4.381092
42,19,-1.36023
42,20,-5.874028
42,21,-1.026847
42,22,-3.219196
42,23,-3.426052
42,24,-1.592282
42,25,-3.412633
42,26,-0.001306
42,27,-3.871057
42,28,-2.748285
42,29,5.828101
42,30,1.086532
42,31,-2.690098
42,32,0.739711
42,33,-0.317325
42,34,0.69693
42,35,1.708502
42,36,-2.373813
42,37,-6.206218
42,38,3.754498
42,39,-6.490719
42,40,3.002124
42,41,-4.094682
42,42,-8.876657
42,43,-4.808368
42,44,-2.773464
42,45,-6.841977
42,46,-4.538542
42,47,-1.185739
42,48,-1.208635
42,49,-8.140134
42,50,-0.944006
42,51,2.822682
42,52,-1.111672
42,53,-8.026914
42,54,-1.7711
42,55,17.956935
42,56,17.503542
42,57,17.305923
42,58,18.006766
42,59,18.08588
42,60,17.887807
43,1,3.150212
43,2,-3.475384
43,3,1.701519
43,4,3.289364
43,5,4.935987
43,6,1.871338
43,7,2.120319
43,8,-2.664022
43,9,3.296302
43,10,-1.454478
43,11,-0.093505
43,12,3.854228
43,13,5.02532
43,14,-1.407374
43,15,3.689396
43,16,-3.585955
43,17,4.640472
43,18,5.001189
43,19,0.481827
43,20,0.438274
43,21,0.963666
43,22,4.695649
43,23,-2.441579
43,24,3.884909
43,25,3.263056
43,26,-3.258156
43,27,-0.325863
43,28,2.50529
43,29,-3.448056
43,30,1.101274
43,31,2.250938
43,32,-3.823014
43,33,6.806936
43,34,2.6115
43,35,-2.847634
43,36,1.955015
43,37,3.62232
43,38,-3.976244
43,39,5.6753
43,40,-5.885426
43,41,3.840612
43,42,4.808368
43,43,8.793561
43,44,2.283993
43,45,0.784597
43,46,1.457957
43,47,3.938674
43,48,-0.330855
43,49,5.931306
43,50,3.106321
43,51,-1.679239
43,52,1.970061
43,53,4.329691
43,54,4.798378
43,55,-12.89885
43,56,-12.330664
43,57,-12.74467
43,58,-12.838369
43,59,-12.419895
43,60,-12.579957
44,1,1.479056
44,2,-2.909708
44,3,3.740894
44,4,6.572297
44,5,-1.288513
44,6,2.134019
44,7,0.034251
44,8,2.834096
44,9,-0.489734
44,10,-0.612273
44,11,7.856568
44,12,0.888097
44,13,4.121982
44,14,-0.245973
44,15,-2.6788
44,16,2.869894
44,17,0.093516
44,18,-2.270424
44,19,-3.019468
44,20,3.182458
44,21,4.235304
44,22,0.646556
44,23,0.208307
44,24,-0.434051
44,25,-1.939621
44,26,1.23687
44,27,3.118754
44,28,-3.737404
44,29,-4.635979
44,30,2.460451
44,31,-9.626612
44,32,-3.992032
44,33,-7.596368
44,34,-0.974981
44,35,-2.459791
44,36,-0.981371
44,37,0.70846
44,38,-7.098858
44,39,4.959839
44,40,-0.48516
44,41,0.327172
44,42,2.773464
44,43,2.283993
44,44,11.686979
44,45,1.922938
44,46,-6.824729
44,47,-6.517907
44,48,2.969051
44,49,-4.354515
44,50,-1.223678
44,51,-3.517475
