id,gene_id,value
1,1,4.895779
1,2,-3.529586
1,3,2.161351
1,4,5.123835
1,5,3.95617
1,6,0.267789
1,7,1.424249
1,8,4.326224
1,9,-1.180436
1,10,4.368653
1,11,-0.302241
1,12,3.312718
1,13,4.980282
1,14,-1.647962
1,15,1.078788
1,16,-0.524269
1,17,-0.620481
1,18,-1.638582
1,19,2.004222
1,20,-5.896755
1,21,3.173236
1,22,-1.016509
1,23,5.401117
1,24,-1.620818
1,25,-3.830418
1,26,4.450904
1,27,3.049129
1,28,-0.211431
1,29,-3.547232
1,30,-1.071605
1,31,1.662888
1,32,4.590974
1,33,3.36745
1,34,2.235492
1,35,4.201497
1,36,2.478168
1,37,1.067266
1,38,4.597288
1,39,4.67887
1,40,6.259683
1,41,0.678029
1,42,2.322637
1,43,-3.655598
1,44,1.90474
1,45,-1.091801
1,46,0.096123
1,47,2.69665
1,48,2.609381
1,49,5.855658
1,50,-2.677154
1,51,-3.10975
1,52,0.947209
1,53,2.226475
1,54,-2.275339
1,55,-1.062209
1,56,-0.845323
1,57,4.51701
1,58,0.977237
1,59,-0.144391
1,60,-1.062056
1,61,-1.60613
1,62,-3.766149
1,63,1.142324
1,64,-1.75287
1,65,1.502559
1,66,5.490559
1,67,2.156416
1,68,3.052652
1,69,1.362201
1,70,0.787379
1,71,0.731154
1,72,-1.147416
1,73,2.091458
1,74,-0.246688
1,75,0.975161
1,76,-0.850173
1,77,1.548257
1,78,2.216339
1,79,0.508103
1,80,0.316203
1,81,0.864743
1,82,2.89578
1,83,-1.648087
1,84,0.070272
1,85,-2.359378
1,86,3.254687
1,87,3.402635
1,88,2.965851
1,89,4.641244
1,90,3.061928
1,91,-11.290515
1,92,-11.073086
1,93,-11.445388
1,94,-11.012744
1,95,-11.330388
1,96,-10.991
1,97,-11.271293
1,98,-10.788589
1,99,-11.600438
1,100,-10.964142
2,1,-3.529586
2,2,7.378284
2,3,-2.391114
2,4,-3.577272
2,5,-2.017274
2,6,1.705
2,7,-2.323016
2,8,-2.492172
2,9,0.215758
2,10,-4.077828
2,11,2.455906
2,12,-4.26087
2,13,-8.73605
2,14,3.628746
2,15,1.868818
2,16,0.37516
2,17,-0.192824
2,18,-2.487476
2,19,-3.37549
2,20,6.708142
2,21,-9.720232
2,22,0.278348
2,23,-4.545874
2,24,1.361338
2,25,2.064224
2,26,-4.411826
2,27,-3.013322
2,28,1.378394
2,29,1.943386
2,30,-0.437914
2,31,-4.172128
2,32,-1.121122
2,33,-4.103856
2,34,1.729458
2,35,-6.638756
2,36,0.520606
2,37,-0.663728
2,38,-2.363088
2,39,-5.604896
2,40,-7.582922
2,41,-0.047902
2,42,0.496068
2,43,3.159286
2,44,-0.433326
2,45,2.905428
2,46,-3.828298
2,47,-3.586894
2,48,-3.208784
2,49,-5.627288
2,50,0.531956
2,51,2.965698
2,52,-2.481274
2,53,-2.220578
2,54,3.138792
2,55,2.496072
2,56,-2.808068
2,57,-5.755864
2,58,2.49757
2,59,0.115472
2,60,2.642448
2,61,4.252378
2,62,0.38086
2,63,0.911212
2,64,2.769388
2,65,-1.056088
2,66,-4.862516
2,67,-3.892472
2,68,-1.118008
2,69,-0.048944
2,70,1.323582
2,71,-0.123198
2,72,-4.000426
2,73,-1.525888
2,74,-2.862092
2,75,-4.28028
2,76,0.334996
2,77,-3.441778
2,78,-0.989138
2,79,-0.938382
2,80,1.133864
2,81,0.766464
2,82,-5.752426
2,83,2.178384
2,84,-1.283528
2,85,2.751932
2,86,-5.09898
2,87,0.823644
2,88,-5.291222
2,89,-6.21142
2,90,0.228562
2,91,12.979844
2,92,12.948906
2,93,13.658826
2,94,13.264276
2,95,12.712132
2,96,12.528456
2,97,12.931352
2,98,12.456522
2,99,13.139034
2,100,12.6561
3,1,2.161351
3,2,-2.391114
3,3,9.746114
3,4,-3.310418
3,5,-1.524766
3,6,-3.38468
3,7,-6.655298
3,8,-4.288001
3,9,3.982141
3,10,1.631967
3,11,-1.823671
3,12,-3.432678
3,13,0.555242
3,14,1.141398
3,15,-1.810036
3,16,-4.164737
3,17,0.252744
3,18,-3.914008
3,19,1.536355
3,20,-1.241391
3,21,-0.5661
3,22,-6.139223
3,23,-2.426867
3,24,-0.965685
3,25,-8.294023
3,26,2.433834
3,27,5.085507
3,28,-3.603126
3,29,-0.744716
3,30,-8.426995
3,31,-5.735884
3,32,-0.563292
3,33,-7.513475
3,34,1.167373
3,35,-4.961006
3,36,-7.137111
3,37,-3.18316
3,38,-4.367386
3,39,0.940064
3,40,-6.883848
3,41,0.177577
3,42,3.134506
3,43,-2.218296
3,44,-0.157929
3,45,-2.115025
3,46,-0.406244
3,47,-1.397788
3,48,3.682546
3,49,-2.195151
3,50,1.192549
3,51,-1.133736
3,52,-5.041695
3,53,5.351749
3,54,1.653243
3,55,-1.726765
3,56,-2.934883
3,57,-5.327677
3,58,-2.734159
3,59,1.288315
3,60,-2.600661
3,61,-5.109544
3,62,-3.476487
3,63,-2.695353
3,64,-1.420636
3,65,0.25375
3,66,-3.199022
3,67,-3.659725
3,68,-2.164112
3,69,4.551535
3,70,-2.50587
3,71,0.036695
3,72,-3.362168
3,73,1.982331
3,74,0.107204
3,75,-1.517499
3,76,2.668428
3,77,-3.711174
3,78,3.462618
3,79,-1.192443
3,80,-4.528456
3,81,1.592123
3,82,-5.349523
3,83,-3.775398
3,84,0.327031
3,85,-0.482903
3,86,-0.823575
3,87,5.600146
3,88,3.426653
3,89,-2.666998
3,90,-6.5313
3,91,17.024798
3,92,16.892064
3,93,16.717351
3,94,17.364067
3,95,17.466864
3,96,16.08543
3,97,17.491606
3,98,17.327265
3,99,17.444597
3,100,17.276672
4,1,-5.123835
4,2,3.577272
4,3,3.310418
4,4,-19.778626
4,5,-4.633436
4,6,-3.264737
4,7,-8.127355
4,8,-8.981772
4,9,5.476849
4,10,-1.192969
4,11,-1.403809
4,12,-2.070538
4,13,-3.542906
4,14,3.595618
4,15,-3.178453
4,16,-0.291696
4,17,2.465295
4,18,1.124875
4,19,-5.37473
4,20,6.283615
4,21,-0.726073
4,22,-6.004779
4,23,-12.50499
4,24,-2.333806
4,25,3.029023
4,26,-2.886654
4,27,1.796618
4,28,-0.574065
4,29,1.980807
4,30,0.218411
4,31,-9.035855
4,32,-7.221747
4,33,-15.358438
4,34,-4.360874
4,35,-13.765097
4,36,-8.229129
4,37,-7.891747
4,38,-15.408672
4,39,-8.851883
4,40,-17.045545
4,41,2.75218
4,42,-2.116397
4,43,3.083826
4,44,-1.820775
4,45,-2.702983
4,46,-5.534221
4,47,-10.635126
4,48,-3.776183
4,49,-11.156415
4,50,6.630334
4,51,1.145802
4,52,-7.448331
4,53,2.963701
4,54,7.100412
4,55,-1.75551
4,56,-3.576147
4,57,-9.363924
4,58,-2.980606
4,59,-8.109259
4,60,3.429995
4,61,8.133694
4,62,8.255409
4,63,-0.088139
4,64,2.443894
4,65,-1.788833
4,66,-12.238242
4,67,-5.585426
4,68,-8.647372
4,69,6.09562
4,70,3.209771
4,71,-0.573221
4,72,-2.575503
4,73,2.90205
4,74,-3.479133
4,75,-1.393764
4,76,-4.02395
4,77,-2.665764
4,78,-2.903447
4,79,1.92969
4,80,-8.567897
4,81,0.479583
4,82,-8.780066
4,83,-3.075634
4,84,-0.055153
4,85,-1.072411
4,86,-10.042061
4,87,0.122605
4,88,-9.097541
4,89,-7.084912
4,90,-5.619914
4,91,28.673331
4,92,28.594216
4,93,28.818659
4,94,28.697675
4,95,29.615502
4,96,28.013094
4,97,29.128681
4,98,28.441714
4,99,28.624169
4,100,28.460911
5,1,-3.95617
5,2,2.017274
5,3,1.524766
5,4,-4.633436
5,5,-11.5869
5,6,-6.613827
5,7,-0.651779
5,8,-11.535469
5,9,-0.67903
5,10,-1.292366
5,11,-2.048744
5,12,-11.6626
5,13,-1.384334
5,14,-3.309724
5,15,-3.884399
5,16,-4.569941
5,17,-1.560931
5,18,-2.032847
5,19,4.987451
5,20,0.24974
5,21,-9.053049
5,22,-0.153954
5,23,-10.085183
5,24,-0.153737
5,25,3.155076
5,26,-2.48343
5,27,-1.051001
5,28,-0.989237
5,29,4.145405
5,30,-5.77585
5,31,-2.833989
5,32,-6.671695
5,33,-7.534929
5,34,-5.735615
5,35,-9.781467
5,36,-6.301882
5,37,-4.269015
5,38,-6.27236
5,39,-2.288175
5,40,-11.775295
5,41,-2.958177
5,42,-0.365883
5,43,3.26527
5,44,-1.241362
5,45,1.49479
5,46,0.947879
5,47,-2.440102
5,48,-0.886799
5,49,-8.716426
5,50,-0.626537
5,51,2.348722
5,52,-4.551552
5,53,-1.400488
5,54,6.736801
5,55,-0.371171
5,56,-0.18457
5,57,-10.412247
5,58,-5.974525
5,59,1.92747
5,60,-0.90886
5,61,-5.746902
5,62,0.388604
5,63,-2.323098
5,64,2.355166
5,65,0.938597
5,66,-8.069452
5,67,-4.671945
5,68,-6.490074
5,69,3.988011
5,70,0.583315
5,71,-2.824414
5,72,-4.289965
5,73,-3.156439
5,74,-3.074107
5,75,-2.844959
5,76,4.100942
5,77,-5.3647
5,78,-5.837553
5,79,-1.978865
5,80,-0.258759
5,81,-2.22147
5,82,-7.998543
5,83,4.29331
5,84,5.033562
5,85,0.810252
5,86,-3.102416
5,87,0.754103
5,88,-1.880642
5,89,-13.04638
5,90,-8.985768
5,91,24.331647
5,92,24.112526
5,93,24.393098
5,94,24.223358
5,95,24.84026
5,96,24.009926
5,97,24.793765
5,98,23.997607
5,99,24.946228
5,100,24.177443
6,1,0.267789
6,2,1.705
6,3,-3.38468
6,4,3.264737
6,5,6.613827
6,6,5.695803
6,7,0.481999
6,8,7.010888
6,9,0.248801
6,10,-2.279964
6,11,2.545892
6,12,5.917604
6,13,-3.361581
6,14,3.636222
6,15,3.307484
6,16,3.714553
6,17,0.976429
6,18,1.451368
6,19,-4.614773
6,20,3.6351
6,21,2.437547
6,22,1.758434
6,23,5.505062
6,24,1.780819
6,25,-0.368619
6,26,-1.212113
6,27,-1.949042
6,28,1.250049
6,29,-0.955576
6,30,4.513853
6,31,1.643988
6,32,3.404513
6,33,5.316056
6,34,4.262555
6,35,5.578396
6,36,4.802546
6,37,3.780315
6,38,4.241447
6,39,-0.709109
6,40,6.237243
6,41,1.270204
6,42,-0.426674
6,43,-0.16111
6,44,0.08564
6,45,0.741835
6,46,-0.73478
6,47,1.316242
6,48,-0.864503
6,49,3.720083
6,50,0.852218
6,51,0.539056
6,52,3.457211
6,53,-1.245117
6,54,-4.147208
6,55,1.812921
6,56,0.472046
6,57,5.273573
6,58,5.006639
6,59,0.233537
6,60,1.263034
6,61,4.608382
6,62,0.283413
6,63,1.284862
6,64,-0.509118
6,65,-1.45296
6,66,3.833823
6,67,2.184643
6,68,4.354791
6,69,-4.737779
6,70,-1.150243
6,71,1.740971
6,72,3.13297
6,73,0.251638
6,74,2.278358
6,75,0.648009
6,76,-1.650063
6,77,2.59927
6,78,3.395668
6,79,0.540793
6,80,1.836087
6,81,1.292272
6,82,4.288127
6,83,-1.152704
6,84,-4.046517
6,85,1.621654
6,86,0.993814
6,87,-2.12743
6,88,0.104073
6,89,6.633463
6,90,5.893111
6,91,-13.232677
6,92,-13.187313
6,93,-13.045331
6,94,-13.229239
6,95,-13.822037
6,96,-13.174043
6,97,-13.671185
6,98,-13.353717
6,99,-13.453926
6,100,-13.340639
7,1,-1.424249
7,2,2.323016
7,3,6.655298
7,4,-8.127355
7,5,-0.651779
7,6,-0.481999
7,7,-8.673115
7,8,-4.171182
7,9,5.465799
7,10,-2.385808
7,11,0.028326
7,12,-2.521446
7,13,-5.717087
7,14,5.170732
7,15,-0.536532
7,16,-1.657437
7,17,1.464763
7,18,-2.590722
7,19,-3.663645
7,20,5.686146
7,21,-2.610575
7,22,-5.628386
7,23,-4.841042
7,24,0.425079
7,25,-5.466819
7,26,-1.530971
7,27,2.334138
7,28,-2.415143
7,29,0.874424
7,30,-5.063233
7,31,-7.878366
7,32,-2.072011
7,33,-9.478762
7,34,2.058691
7,35,-7.473242
7,36,-6.542808
7,37,-3.125995
7,38,-7.189873
7,39,-4.272171
7,40,-10.528517
7,41,1.19862
7,42,1.530704
7,43,0.479424
7,44,-1.246454
7,45,-1.124425
7,46,-2.844872
7,47,-4.60022
7,48,0.527407
7,49,-5.696697
7,50,4.037684
7,51,1.216178
7,52,-5.290999
7,53,3.672593
7,54,2.30195
7,55,-0.081929
7,56,-3.567758
7,57,-6.945177
7,58,-0.259425
7,59,-0.347319
7,60,-0.042254
7,61,0.992856
7,62,0.088373
7,63,-2.020306
7,64,0.150154
7,65,-1.68761
7,66,-6.504689
7,67,-5.024967
7,68,-2.818861
7,69,2.494903
7,70,-2.236935
7,71,0.571653
7,72,-2.47015
7,73,1.54044
7,74,0.034708
7,75,-2.642025
7,76,1.087581
7,77,-3.910452
7,78,3.440192
7,79,-0.782647
7,80,-4.914147
7,81,2.150256
7,82,-6.811181
7,83,-3.738464
7,84,-2.203377
7,85,1.621498
7,86,-4.641018
7,87,3.081424
7,88,-0.915449
7,89,-3.393309
7,90,-5.095867
7,91,21.597081
7,92,21.399337
7,93,21.647847
7,94,21.886009
7,95,21.846295
7,96,20.411249
7,97,21.874077
7,98,21.473395
7,99,21.999
7,100,21.542443
8,1,-4.326224
8,2,2.492172
8,3,4.288001
8,4,-8.981772
8,5,-11.535469
8,6,-7.010888
8,7,-4.171182
8,8,-13.101915
8,9,1.652028
8,10,-1.561991
8,11,-2.287992
8,12,-11.815031
8,13,-2.739821
8,14,-1.418227
8,15,-4.314687
8,16,-5.028791
8,17,-0.773236
8,18,-2.66484
8,19,3.293388
8,20,2.00023
8,21,-8.923802
8,22,-2.803029
8,23,-12.187588
8,24,-0.535114
8,25,1.292851
8,26,-2.646353
8,27,0.366902
8,28,-1.862235
8,29,4.117013
8,30,-7.201682
8,31,-6.046214
8,32,-7.558017
8,33,-11.758979
8,34,-5.333992
8,35,-12.902652
8,36,-8.996264
8,37,-6.00669
8,38,-9.795022
8,39,-4.027466
8,40,-15.978031
8,41,-2.050918
8,42,0.039952
8,43,3.227801
8,44,-1.62952
8,45,0.506105
8,46,-0.528359
8,47,-4.785009
8,48,-0.806926
8,49,-10.866029
8,50,1.256451
8,51,2.376451
8,52,-6.827494
8,53,0.489662
8,54,7.805509
8,55,-0.823367
8,56,-1.719549
8,57,-12.773633
8,58,-6.255286
8,59,0.660683
8,60,-0.650563
8,61,-4.494209
8,62,1.124799
8,63,-2.814793
8,64,2.357614
8,65,0.329614
8,66,-10.704002
8,67,-6.440105
8,68,-7.948016
8,69,5.559801
8,70,0.306311
8,71,-2.548564
8,72,-5.182201
8,73,-1.919477
8,74,-3.313476
8,75,-3.474829
8,76,3.668908
8,77,-6.451667
8,78,-4.693057
8,79,-1.809446
8,80,-2.932868
8,81,-1.362041
8,82,-10.478098
8,83,2.321604
8,84,4.224281
8,85,0.804861
8,86,-5.240401
8,87,1.986316
8,88,-2.794892
8,89,-13.87546
8,90,-10.722337
8,91,32.371456
8,92,32.109695
8,93,32.421804
8,94,32.373871
8,95,33.072182
8,96,31.651986
8,97,32.967646
8,98,32.049738
8,99,33.047142
8,100,32.222184
9,1,-1.180436
9,2,0.215758
9,3,3.982141
9,4,-5.476849
9,5,0.67903
9,6,0.248801
9,7,-5.465799
9,8,-1.652028
9,9,4.205166
9,10,-1.943634
9,11,-0.286567
9,12,0.474257
9,13,-2.814006
9,14,3.562299
9,15,-0.730651
9,16,-0.139699
9,17,1.600583
9,18,0.235578
9,19,-3.094688
9,20,4.093411
9,21,1.852167
9,22,-3.31514
9,23,-2.119347
9,24,0.615526
9,25,-3.260449
9,26,-1.047662
9,27,1.387141
9,28,-1.808756
9,29,0.740317
9,30,-1.677412
9,31,-3.982492
9,32,-1.77042
9,33,-4.904502
9,34,0.894306
9,35,-2.660776
9,36,-4.431457
9,37,-1.466505
9,38,-4.765989
9,39,-2.551289
9,40,-4.919076
9,41,1.036437
9,42,-0.112538
9,43,0.258369
9,44,-1.306565
9,45,-1.506515
9,46,-0.751755
9,47,-2.509457
9,48,0.475279
9,49,-2.803639
9,50,3.798614
9,51,0.765341
9,52,-2.192818
9,53,2.44299
9,54,0.158072
9,55,-0.337995
9,56,-0.967476
9,57,-2.686977
9,58,-0.323312
9,59,-0.475555
9,60,-0.320956
9,61,0.925519
9,62,1.484591
9,63,-1.757226
9,64,-0.521724
9,65,-1.615034
9,66,-3.552209
9,67,-2.080871
9,68,-1.586341
9,69,0.248393
9,70,-2.467746
9,71,0.630058
9,72,1.080725
9,73,1.163364
9,74,1.741488
9,75,-0.196699
9,76,0.280201
9,77,-1.111797
9,78,2.770629
9,79,-0.085666
9,80,-3.690775
9,81,1.19788
9,82,-2.316376
9,83,-3.280962
9,84,-2.018135
9,85,1.083062
9,86,-2.153888
9,87,0.085418
9,88,0.308346
9,89,0.270197
9,90,-3.150744
9,91,10.307283
9,92,10.127544
9,93,10.165204
9,94,10.296365
9,95,10.478621
9,96,9.596581
9,97,10.409117
9,98,10.240012
9,99,10.549537
9,100,10.264039
10,1,-4.368653
10,2,4.077828
10,3,-1.631967
10,4,-1.192969
10,5,-1.292366
10,6,2.279964
10,7,-2.385808
10,8,-1.561991
10,9,1.943634
10,10,-6.432275
10,11,1.530111
10,12,-2.469968
10,13,-7.87802
10,14,3.898448
10,15,0.524997
10,16,1.02592
10,17,0.779526
10,18,0.901165
10,19,-3.218817
10,20,8.105609
10,21,-3.560009
10,22,1.429207
10,23,-2.126636
10,24,3.540007
10,25,0.676132
10,26,-5.132106
10,27,-3.720134
10,28,-0.379212
10,29,3.586477
10,30,0.159243
10,31,-1.498199
10,32,-2.708991
10,33,-0.796249
10,34,1.090503
10,35,-1.267602
10,36,-1.538244
10,37,1.449567
10,38,-1.609786
10,39,-4.150109
10,40,-3.699692
10,41,-0.97209
10,42,-1.437402
10,43,3.25731
10,44,-2.156424
10,45,1.910733
10,46,0.719984
10,47,-0.709018
10,48,-1.521636
10,49,-4.073646
10,50,2.801115
10,51,3.91521
10,52,0.407919
10,53,-2.379435
10,54,-0.302154
10,55,2.331242
10,56,1.049837
10,57,-3.273961
10,58,1.159104
10,59,3.261467
10,60,0.142852
10,61,0.326626
10,62,1.465455
10,63,-2.002438
10,64,0.94576
10,65,-2.295924
10,66,-3.596501
10,67,-1.964921
10,68,-0.344356
10,69,-4.252302
10,70,-3.698162
10,71,0.114004
10,72,2.388703
10,73,-2.807775
10,74,2.515103
10,75,-1.460004
10,76,2.640281
10,77,-1.745979
10,78,1.103984
10,79,-1.540002
10,80,1.117042
10,81,0.103055
10,82,-1.741781
10,83,0.991045
10,84,-2.208376
10,85,4.387874
10,86,-1.649527
10,87,-3.416682
10,88,-0.147017
10,89,-2.215998
10,90,-2.258764
10,91,8.189822
10,92,7.87598
10,93,8.360894
10,94,7.96166
10,95,7.831074
10,96,7.56378
10,97,7.994262
10,98,7.60343
10,99,8.705616
10,100,7.835605
11,1,0.302241
11,2,-2.455906
11,3,1.823671
11,4,-1.403809
11,5,-2.048744
11,6,-2.545892
11,7,0.028326
11,8,-2.287992
11,9,0.286567
11,10,1.530111
11,11,-1.66409
11,12,-0.876785
11,13,3.251034
11,14,-1.972311
11,15,-1.94861
11,16,-1.245685
11,17,-0.035954
11,18,0.626167
11,19,2.069408
11,20,-2.4034
11,21,2.149762
11,22,-0.855597
11,23,-1.420357
11,24,-0.946686
11,25,-0.03525
11,26,1.22403
11,27,1.389483
11,28,-0.876969
11,29,0.14021
11,30,-1.148101
11,31,0.231147
11,32,-1.567127
11,33,-1.449312
11,34,-2.373078
11,35,-0.669655
11,36,-2.396824
11,37,-1.478244
11,38,-1.839371
11,39,1.137428
11,40,-0.966413
11,41,-0.311699
11,42,-0.397545
11,43,-0.456753
11,44,-0.19293
11,45,-1.238666
11,46,1.233238
11,47,-0.045219
11,48,0.882532
11,49,-0.486598
11,50,0.2107
11,51,-0.762177
11,52,-0.734073
11,53,1.059479
11,54,0.840612
11,55,-1.381831
11,56,0.710435
11,57,-0.690831
11,58,-2.667876
11,59,-0.50009
11,60,-1.003419
11,61,-2.290399
11,62,0.62094
11,63,-0.855955
11,64,-0.465774
11,65,0.542239
11,66,-0.799797
11,67,0.099245
11,68,-1.763215
11,69,1.649579
11,70,-0.037795
11,71,-0.606883
11,72,0.381684
11,73,0.357702
11,74,0.125321
11,75,1.064903
11,76,0.301133
11,77,0.037167
11,78,-1.093312
11,79,0.185982
11,80,-1.446636
11,81,-0.725231
11,82,-0.171784
11,83,-0.372344
11,84,1.671276
11,85,-1.218531
11,86,0.536849
11,87,0.015785
11,88,0.979785
11,89,-0.838217
11,90,-2.564344
11,91,2.508834
11,92,2.47551
11,93,2.243979
11,94,2.381904
11,95,2.835961
11,96,2.571101
11,97,2.683542
11,98,2.65576
11,99,2.558304
11,100,2.604886
12,1,-3.312718
12,2,4.26087
12,3,3.432678
12,4,-2.070538
12,5,-11.6626
12,6,-5.917604
12,7,-2.521446
12,8,-11.815031
12,9,-0.474257
12,10,-2.469968
12,11,-0.876785
12,12,-14.771567
12,13,-5.211964
12,14,-1.638517
12,15,-2.425103
12,16,-6.015073
12,17,-2.30492
12,18,-5.697388
12,19,5.161001
12,20,1.666215
12,21,-14.776131
12,22,-0.962514
12,23,-9.755415
12,24,0.861743
12,25,-0.390678
12,26,-2.989646
12,27,-1.019569
12,28,-1.531039
12,29,4.139717
12,30,-9.757876
12,31,-5.128992
12,32,-5.062828
12,33,-8.498677
12,34,-2.598633
12,35,-11.581601
12,36,-6.393206
12,37,-3.598193
12,38,-4.701877
12,39,-2.426149
12,40,-13.869919
12,41,-3.618007
12,42,2.096973
12,43,3.059635
12,44,-0.89832
12,45,3.080463
12,46,-0.005048
12,47,-1.938875
12,48,0.0187
12,49,-9.357452
12,50,-1.883041
12,51,3.122043
12,52,-5.963884
12,53,-1.146062
12,54,7.04847
12,55,0.889487
12,56,-2.222028
12,57,-13.085492
12,58,-4.549454
12,59,4.905865
12,60,-1.457087
12,61,-7.710835
12,62,-3.577673
12,63,-2.788941
12,64,2.583638
12,65,0.993407
12,66,-8.390038
12,67,-6.830272
12,68,-5.262275
12,69,4.161145
12,70,-0.595547
12,71,-2.612309
12,72,-7.490403
12,73,-3.899245
12,74,-3.743616
12,75,-5.654529
12,76,6.528186
12,77,-8.148958
12,78,-3.822438
12,79,-3.584094
12,80,1.015722
12,81,-1.085656
12,82,-11.003619
12,83,4.714237
12,84,4.292796
12,85,2.468083
12,86,-3.420394
12,87,3.888351
12,88,-0.777574
12,89,-15.448291
12,90,-9.671274
12,91,30.241192
12,92,29.986172
12,93,30.538331
12,94,30.47208
12,95,30.485647
12,96,29.445825
12,97,30.7352
12,98,29.819636
12,99,31.121514
12,100,30.081547
13,1,-4.980282
13,2,8.73605
13,3,-0.555242
13,4,-3.542906
13,5,-1.384334
13,6,3.361581
13,7,-5.717087
13,8,-2.739821
13,9,2.814006
13,10,-7.87802
13,11,3.251034
13,12,-5.211964
13,13,-13.616388
13,14,7.059932
13,15,2.328159
13,16,0.392345
13,17,0.574857
13,18,-2.811425
13,19,-5.525187
13,20,11.622054
13,21,-10.713093
13,22,-0.401512
13,23,-4.478843
13,24,3.784641
13,25,-1.06498
13,26,-6.658564
13,27,-3.849525
13,28,-0.036569
13,29,3.536747
13,30,-2.359518
13,31,-6.107659
13,32,-1.846411
13,33,-5.035069
13,34,4.004763
13,35,-6.675497
13,36,-1.678208
13,37,0.479441
13,38,-3.084474
13,39,-7.241479
13,40,-9.565367
13,41,-0.434029
13,42,0.665187
13,43,4.002662
13,44,-1.787208
13,45,3.406954
13,46,-3.052727
13,47,-3.41535
13,48,-2.556831
13,49,-7.17941
13,50,2.713031
13,51,4.945182
13,52,-2.662556
13,53,-2.014076
13,54,1.883661
13,55,3.691855
13,56,-2.658432
13,57,-7.640805
13,58,3.386729
13,59,3.208078
13,60,1.650502
13,61,2.896874
13,62,-0.3055
13,63,-1.212972
13,64,2.349606
13,65,-2.674153
13,66,-6.47283
13,67,-5.404015
13,68,-0.564196
13,69,-2.635343
13,70,-2.668329
13,71,0.44331
13,72,-2.377255
13,73,-2.572967
13,74,-0.123705
13,75,-5.183713
13,76,2.851368
13,77,-4.901564
13,78,2.147853
13,79,-2.281647
13,80,0.909977
13,81,1.666476
13,82,-6.895901
13,83,1.047542
13,84,-3.525098
13,85,5.690226
13,86,-5.298434
13,87,0.040553
13,88,-3.122238
13,89,-6.09835
13,90,-2.040222
13,91,18.983847
13,92,18.710756
13,93,19.63421
13,94,19.216078
13,95,18.478422
13,96,17.847164
13,97,18.855049
13,98,18.214797
13,99,19.578234
13,100,18.533243
14,1,-1.647962
14,2,3.628746
14,3,1.141398
14,4,-3.595618
14,5,3.309724
14,6,3.636222
14,7,-5.170732
14,8,1.418227
14,9,3.562299
14,10,-3.898448
14,11,1.972311
14,12,1.638517
14,13,-7.059932
14,14,6.012023
14,15,1.905087
14,16,1.612873
14,17,1.582554
14,18,-0.53501
14,19,-5.802513
14,20,7.177871
14,21,-1.183637
14,22,-1.95821
14,23,-0.301349
14,24,1.794421
14,25,-2.753546
14,26,-2.716302
14,27,-0.622955
14,28,-0.440493
14,29,0.544987
14,30,0.147624
14,31,-4.113386
14,32,0.318762
14,33,-2.825347
14,34,3.898809
14,35,-1.805247
14,36,-0.938514
14,37,0.494769
14,38,-2.223613
14,39,-4.114067
14,40,-3.532913
14,41,1.446975
14,42,0.331263
14,43,0.958227
14,44,-0.982956
14,45,0.241671
14,46,-2.490526
14,47,-2.494459
14,48,-0.90213
14,49,-2.158764
14,50,3.362073
14,51,1.770939
14,52,-1.134876
14,53,0.818562
14,54,-0.841572
14,55,1.530893
14,56,-1.894156
14,57,-1.680022
14,58,3.271104
14,59,0.003065
14,60,1.185493
14,61,4.233037
14,62,0.792723
14,63,-0.419485
14,64,0.227098
14,65,-2.266167
14,66,-2.439398
14,67,-2.126006
14,68,0.738377
14,69,-1.910973
14,70,-2.097521
14,71,1.386679
14,72,0.471511
14,73,0.639825
14,74,1.346306
14,75,-1.622019
14,76,-0.300586
14,77,-1.074114
14,78,3.903692
14,79,-0.257208
14,80,-1.597676
14,81,2.070656
14,82,-2.028041
14,83,-2.546183
14,84,-4.12162
14,85,2.613479
14,86,-2.94319
14,87,-0.024363
14,88,-1.31837
14,89,1.260789
14,90,0.528146
14,91,6.53099
14,92,6.411092
14,93,6.765239
14,94,6.68768
14,95,6.264735
14,96,5.791653
14,97,6.39321
14,98,6.261578
14,99,6.678162
14,100,6.353017
15,1,1.078788
15,2,1.868818
15,3,-1.810036
15,4,3.178453
15,5,3.884399
15,6,3.307484
15,7,0.536532
15,8,4.314687
15,9,-0.730651
15,10,-0.524997
15,11,1.94861
15,12,2.425103
15,13,-2.328159
15,14,1.905087
15,15,2.719418
15,16,1.560034
15,17,-0.076534
15,18,-1.007203
15,19,-2.066972
15,20,1.160122
15,21,-1.283467
15,22,0.838749
15,23,3.484831
15,24,0.638334
15,25,-0.877998
15,26,-0.151857
15,27,-0.835527
15,28,1.094847
15,29,-1.27973
15,30,1.464484
15,31,0.398727
15,32,3.306968
15,33,2.983071
15,34,3.498726
15,35,2.323732
15,36,3.841939
15,37,2.180625
15,38,3.655262
15,39,-0.000443
15,40,3.358349
15,41,0.669419
15,42,1.029336
15,43,-0.534729
15,44,0.804417
15,45,1.114655
15,46,-1.471231
15,47,0.855177
15,48,-0.3895
15,49,2.49856
15,50,-0.980743
15,51,-0.046779
15,52,1.354512
15,53,-0.679442
15,54,-1.826724
15,55,1.342408
15,56,-1.005761
15,57,2.513343
15,58,3.618585
15,59,0.360755
15,60,0.997446
15,61,2.602849
15,62,-1.640331
15,63,1.481338
15,64,0.026634
15,65,-0.244288
15,66,2.757447
15,67,0.718087
15,68,3.117592
15,69,-1.723124
15,70,0.366667
15,71,0.995821
15,72,-0.565338
15,73,0.255105
15,74,-0.161321
15,75,-0.829814
15,76,-0.844895
15,77,0.6633
15,78,1.952569
15,79,0.048819
15,80,1.840206
15,81,1.114343
15,82,1.371808
15,83,-0.087589
15,84,-2.08101
15,85,0.705822
15,86,0.350179
15,87,0.773956
15,88,-0.411258
15,89,2.737088
15,90,4.293307
15,91,-7.205904
15,92,-7.093737
15,93,-6.934521
15,94,-6.984972
15,95,-7.617388
15,96,-7.15742
15,97,-7.427418
15,98,-7.231705
15,99,-7.386111
15,100,-7.227535
16,1,0.524269
16,2,-0.37516
16,3,4.164737
16,4,-0.291696
16,5,-4.569941
16,6,-3.714553
16,7,-1.657437
16,8,-5.028791
16,9,0.139699
16,10,1.02592
16,11,-1.245685
16,12,-6.015073
16,13,0.392345
16,14,-1.612873
16,15,-1.560034
16,16,-3.717813
16,17,-1.133497
16,18,-3.331183
16,19,3.64117
16,20,-2.022067
16,21,-4.721481
16,22,-1.940728
16,23,-3.297624
16,24,-0.587408
16,25,-2.61176
16,26,0.849837
16,27,1.71781
16,28,-1.521692
16,29,0.578782
16,30,-6.086955
16,31,-2.496959
16,32,-1.29349
16,33,-4.194361
16,34,-0.95571
16,35,-4.616005
16,36,-3.764647
16,37,-2.155619
16,38,-1.83799
16,39,0.876085
16,40,-5.333164
16,41,-1.372348
16,42,1.963571
16,43,-0.306341
16,44,0.128759
16,45,0.261074
16,46,0.30196
16,47,-0.257223
16,48,1.625175
16,49,-2.663626
16,50,-1.365567
16,51,-0.047459
16,52,-3.252309
16,53,1.352347
16,54,2.815279
16,55,-0.639175
16,56,-1.460364
16,57,-5.189921
16,58,-2.846226
16,59,2.033588
16,60,-1.622926
16,61,-5.182835
16,62,-2.996968
16,63,-1.482774
16,64,0.20618
16,65,1.086193
16,66,-2.618318
16,67,-2.771351
16,68,-2.171476
16,69,3.408395
16,70,-0.37121
16,71,-1.057347
16,72,-3.949946
16,73,-0.574051
16,74,-1.635759
16,75,-2.011715
16,76,2.96954
16,77,-3.532609
16,78,-0.747672
16,79,-1.473374
16,80,-0.629225
16,81,-0.162638
16,82,-4.663328
16,83,0.786604
16,84,2.392754
16,85,-0.139828
16,86,-0.447002
16,87,3.571993
16,88,1.358459
16,89,-5.786244
16,90,-4.916151
16,91,12.744571
16,92,12.674723
16,93,12.697681
16,94,12.943612
16,95,13.005176
16,96,12.37538
16,97,13.085223
16,98,12.811954
16,99,13.097825
16,100,12.845061
17,1,-0.620481
17,2,-0.192824
17,3,0.252744
17,4,-2.465295
17,5,1.560931
17,6,0.976429
17,7,-1.464763
17,8,0.773236
17,9,1.600583
17,10,-0.779526
17,11,0.035954
17,12,2.30492
17,13,-0.574857
17,14,1.582554
17,15,-0.076534
17,16,1.133497
17,17,1.043463
17,18,1.480278
17,19,-2.209877
17,20,1.858802
17,21,2.882441
17,22,-0.735164
17,23,0.038802
17,24,0.200987
17,25,-0.144153
17,26,-0.485341
17,27,0.16445
17,28,-0.236397
17,29,0.069726
17,30,1.516611
17,31,-0.59529
17,32,-0.526117
17,33,-0.699248
17,34,0.179803
17,35,0.447718
17,36,-0.72462
17,37,-0.126483
17,38,-1.611073
17,39,-1.173251
17,40,-0.183107
17,41,0.904812
17,42,-0.884416
17,43,0.150526
17,44,-0.567242
17,45,-0.934467
17,46,-0.276066
17,47,-1.00273
17,48,-0.343641
17,49,-0.241671
17,50,2.02649
17,51,0.139844
17,52,0.179965
17,53,0.635453
17,54,-0.73972
17,55,-0.179251
17,56,0.258072
17,57,0.753625
17,58,0.432235
17,59,-1.217773
17,60,0.385748
17,61,2.052682
17,62,1.926207
17,63,-0.203012
17,64,-0.317034
17,65,-0.912782
17,66,-0.610497
17,67,0.242803
17,68,-0.208945
17,69,-0.766451
17,70,-0.663873
17,71,0.513765
17,72,1.898324
17,73,0.78647
17,74,1.190652
17,75,0.876833
17,76,-1.079743
17,77,0.924242
17,78,1.033858
17,79,0.615773
17,80,-1.519983
17,81,0.375774
17,82,0.773055
17,83,-1.622616
17,84,-1.328307
17,85,0.164948
17,86,-0.677468
17,87,-1.293192
17,88,-0.394593
17,89,2.058015
17,90,0.204763
17,91,-0.260915
17,92,-0.303441
17,93,-0.340705
17,94,-0.360605
17,95,-0.219753
17,96,-0.371831
17,97,-0.313003
17,98,-0.282977
17,99,-0.305592
17,100,-0.298041
18,1,1.638582
18,2,2.487476
18,3,3.914008
18,4,1.124875
18,5,-2.032847
18,6,-1.451368
18,7,-2.590722
18,8,-2.66484
18,9,-0.235578
18,10,0.901165
18,11,0.626167
18,12,-5.697388
18,13,-2.811425
18,14,0.53501
18,15,1.007203
18,16,-3.331183
18,17,-1.480278
18,18,-6.118899
18,19,1.857695
18,20,-0.825789
18,21,-8.788568
18,22,-2.493067
18,23,-1.82089
18,24,-0.505745
18,25,-4.35583
18,26,0.787743
18,27,1.676206
18,28,-0.670636
18,29,-0.770213
18,30,-6.71464
18,31,-4.275817
18,32,1.718994
18,33,-4.165394
18,34,2.659307
18,35,-5.557859
18,36,-1.183447
18,37,-1.366542
18,38,0.216023
18,39,0.12009
18,40,-5.48695
18,41,-0.654418
18,42,4.001595
18,43,-0.80635
18,44,1.157137
18,45,1.516642
18,46,-2.485625
18,47,-0.751882
18,48,1.232524
18,49,-1.939162
18,50,-2.593304
18,51,-0.120892
18,52,-3.96282
18,53,1.4423
18,54,2.734052
18,55,0.588943
18,56,-4.087671
18,57,-5.344583
18,58,0.365755
18,59,2.06376
18,60,-0.406413
18,61,-2.684106
18,62,-5.437988
18,63,0.051977
18,64,0.739288
18,65,1.126701
18,66,-1.660203
18,67,-3.769491
18,68,-0.146677
18,69,3.701689
18,70,0.764864
18,71,-0.296342
18,72,-7.114353
18,73,0.011524
18,74,-3.369237
18,75,-4.256331
18,76,2.397963
18,77,-4.544996
18,78,0.938801
18,79,-1.710835
18,80,0.424796
18,81,1.311597
18,82,-6.138285
18,83,0.691986
18,84,0.788536
18,85,0.391297
18,86,-1.624205
18,87,6.412685
18,88,-0.092552
18,89,-5.746989
18,90,-1.864993
18,91,12.385528
18,92,12.447653
18,93,12.720908
18,94,12.994814
18,95,12.349809
18,96,11.870063
18,97,12.649658
18,98,12.433295
18,99,12.611051
18,100,12.481514
19,1,2.004222
19,2,-3.37549
19,3,1.536355
19,4,5.37473
19,5,-4.987451
19,6,-4.614773
19,7,3.663645
19,8,-3.293388
19,9,-3.094688
19,10,3.218817
19,11,-2.069408
19,12,-5.161001
19,13,5.525187
19,14,-5.802513
19,15,-2.066972
19,16,-3.64117
19,17,-2.209877
19,18,-1.857695
19,19,7.393685
19,20,-7.011526
19,21,-2.206799
19,22,1.105683
19,23,-0.259675
19,24,-1.044681
19,25,-0.286953
19,26,2.648115
19,27,1.126581
19,28,-0.780024
19,29,0.030836
19,30,-4.35622
19,31,2.641725
19,32,-0.342266
19,33,1.510872
19,34,-2.858409
19,35,0.321983
19,36,-0.956908
19,37,-0.512241
19,38,2.532886
19,39,4.743239
19,40,1.330834
19,41,-2.534051
19,42,1.242723
19,43,-1.159023
19,44,0.846072
19,45,0.462541
19,46,3.142516
19,47,3.316023
19,48,2.349097
19,49,1.179569
19,50,-4.086086
19,51,-1.202517
19,52,-0.171138
19,53,-0.242122
19,54,1.340304
19,55,-1.178008
19,56,1.168535
19,57,-1.099056
19,58,-3.957411
19,59,2.981311
19,60,-2.635575
19,61,-8.114473
19,62,-3.730575
19,63,-1.004263
19,64,-0.421884
19,65,2.470225
19,66,1.5882
19,67,0.419354
19,68,-0.777742
19,69,2.398226
19,70,0.299546
19,71,-1.652272
19,72,-2.228832
19,73,-1.53948
19,74,-1.167547
19,75,0.051482
19,76,3.17756
19,77,-1.309431
19,78,-2.775382
19,79,-1.252971
19,80,2.048343
19,81,-1.732025
19,82,-0.380239
19,83,2.860084
19,84,4.514583
19,85,-1.493511
19,86,3.399281
19,87,2.050757
19,88,3.521958
19,89,-3.853832
19,90,-3.286699
19,91,0.190017
19,92,0.205287
19,93,-0.05346
19,94,0.168117
19,95,0.402802
19,96,0.521252
19,97,0.442629
19,98,0.428533
19,99,0.388416
19,100,0.398095
20,1,-5.896755
20,2,6.708142
20,3,-1.241391
20,4,-6.283615
20,5,-0.24974
20,6,3.6351
20,7,-5.686146
20,8,-2.00023
20,9,4.093411
20,10,-8.105609
20,11,2.4034
20,12,-1.666215
20,13,-11.622054
20,14,7.177871
20,15,1.160122
20,16,2.022067
20,17,1.858802
20,18,0.825789
20,19,-7.011526
20,20,12.251886
20,21,-4.461866
20,22,-0.286065
20,23,-4.285465
20,24,3.698384
20,25,0.565952
20,26,-6.790298
20,27,-3.827701
20,28,-0.232487
20,29,3.880806
20,30,0.928159
20,31,-4.776175
20,32,-3.434469
20,33,-4.470666
20,34,2.184388
20,35,-4.489329
20,36,-2.569858
20,37,0.32534
20,38,-4.994381
20,39,-7.67294
20,40,-7.913711
20,41,0.371029
20,42,-1.646839
20,43,4.223613
20,44,-2.667308
20,45,1.6803
20,46,-1.88379
20,47,-3.883825
20,48,-2.97064
20,49,-6.75142
20,50,5.181354
20,51,4.750541
20,52,-1.294549
20,53,-1.714445
20,54,0.657638
20,55,2.792581
20,56,-0.665609
20,57,-5.261843
20,58,2.554626
20,59,1.257188
20,60,1.748289
20,61,4.611091
20,62,3.408602
20,63,-1.628239
20,64,1.680702
20,65,-3.516055
20,66,-6.532611
20,67,-3.715247
20,68,-1.326733
20,69,-3.908301
20,70,-3.329861
20,71,0.689089
20,72,1.790356
20,73,-1.839636
20,74,1.979995
20,75,-2.512549
20,76,1.187247
20,77,-2.446695
20,78,2.044868
20,79,-1.074016
20,80,-0.883612
20,81,1.148597
20,82,-4.034674
20,83,-0.498428
20,84,-4.107074
20,85,5.121821
20,86,-4.973799
20,87,-3.300801
20,88,-3.083511
20,89,-2.733359
20,90,-2.055616
20,91,14.835874
20,92,14.503634
20,93,15.204619
20,94,14.719634
20,95,14.501723
20,96,13.858075
20,97,14.635806
20,98,14.094366
20,99,15.316734
20,100,14.36113
21,1,-3.173236
21,2,9.720232
21,3,0.5661
21,4,-0.726073
21,5,-9.053049
21,6,-2.437547
21,7,-2.610575
21,8,-8.923802
21,9,-1.852167
21,10,-3.560009
21,11,2.149762
21,12,-14.776131
21,13,-10.713093
21,14,1.183637
21,15,1.283467
21,16,-4.721481
21,17,-2.882441
21,18,-8.788568
21,19,2.206799
21,20,4.461866
21,21,-21.724272
21,22,-0.326531
21,23,-8.770394
21,24,1.234265
21,25,-0.036594
21,26,-4.396271
21,27,-2.68093
21,28,0.599244
21,29,3.059203
21,30,-8.862224
21,31,-6.977436
21,32,-1.706653
21,33,-8.026294
21,34,1.548891
21,35,-13.431445
21,36,-1.762207
21,37,-2.388334
21,38,-2.054988
21,39,-4.71317
21,40,-14.501984
21,41,-2.806156
21,42,3.977555
21,43,3.606467
21,44,0.341291
21,45,5.602569
21,46,-4.175948
21,47,-3.167515
21,48,-1.982359
21,49,-9.389242
21,50,-3.609588
21,51,3.797701
21,52,-6.465322
21,53,-2.611964
21,54,7.575949
21,55,3.130627
21,56,-5.428113
21,57,-13.558614
21,58,0.181864
21,59,4.433957
21,60,1.18202
21,61,-2.707019
21,62,-5.592591
21,63,-0.087726
21,64,4.201332
21,65,0.894043
21,66,-7.767271
21,67,-8.14064
21,68,-2.875668
21,69,3.913337
21,70,1.906644
21,71,-1.836235
21,72,-11.695227
21,73,-3.877838
21,74,-6.75975
21,75,-8.953155
21,76,5.223665
21,77,-9.362342
21,78,-3.09108
21,79,-3.745934
21,80,3.377787
21,81,0.416927
21,82,-13.062415
21,83,5.973965
21,84,2.298372
21,85,3.568924
21,86,-5.886279
21,87,6.418965
21,88,-4.624794
21,89,-16.510794
21,90,-4.685289
21,91,29.390223
21,92,29.327765
21,93,30.358051
21,94,30.107918
21,95,29.16883
21,96,28.554184
21,97,29.706755
21,98,28.78289
21,99,30.043997
21,100,29.110192
22,1,-1.016509
22,2,0.278348
22,3,-6.139223
22,4,6.004779
22,5,0.153954
22,6,1.758434
22,7,5.628386
22,8,2.803029
22,9,-3.31514
22,10,-1.429207
22,11,0.855597
22,12,0.962514
22,13,0.401512
22,14,-1.95821
22,15,0.838749
22,16,1.940728
22,17,-0.735164
22,18,2.493067
22,19,1.105683
22,20,-0.286065
22,21,0.326531
22,22,5.196935
22,23,3.009708
22,24,1.519567
22,25,4.540736
22,26,-1.392418
22,27,-3.756206
22,28,1.743176
22,29,1.051829
22,30,4.175871
22,31,5.498507
22,32,0.456519
22,33,7.286447
22,34,-0.846821
22,35,5.484146
22,36,4.572988
22,37,3.357707
22,38,5.07306
22,39,1.289847
22,40,6.699932
22,41,-1.387934
22,42,-1.895274
22,43,1.219704
22,44,-0.08398
22,45,1.882423
22,46,2.572226
22,47,3.351164
22,48,-1.173414
22,49,2.623582
22,50,-1.768597
22,51,1.018252
22,52,4.497775
22,53,-4.110479
22,54,-2.148104
22,55,1.313454
22,56,3.328521
22,57,4.031301
22,58,1.003822
22,59,1.969257
22,60,0.130086
22,61,-0.490296
22,62,0.595213
22,63,0.627532
22,64,0.320224
22,65,0.127488
22,66,3.503639
22,67,3.044433
22,68,2.257506
22,69,-4.280626
22,70,-0.167158
22,71,-0.31521
22,72,3.229963
22,73,-2.608683
22,74,1.329165
22,75,1.34812
22,76,0.439713
22,77,2.279529
22,78,-1.967546
22,79,-0.156428
22,80,4.51742
22,81,-1.568725
22,82,4.643819
22,83,3.382043
22,84,0.45478
22,85,0.999192
22,86,2.893557
22,87,-4.16377
22,88,0.705463
22,89,1.830924
22,90,3.110728
22,91,-13.414344
22,92,-13.414208
22,93,-13.360688
22,94,-13.750656
22,95,-13.8176
22,96,-12.798286
22,97,-13.747276
22,98,-13.613472
22,99,-13.477868
22,100,-13.550907
23,1,-5.401117
23,2,4.545874
23,3,2.426867
23,4,-12.50499
23,5,-10.085183
23,6,-5.505062
23,7,-4.841042
23,8,-12.187588
23,9,2.119347
23,10,-2.126636
23,11,-1.420357
23,12,-9.755415
23,13,-4.478843
23,14,0.301349
23,15,-3.484831
23,16,-3.297624
23,17,-0.038802
23,18,-1.82089
23,19,0.259675
23,20,4.285465
23,21,-8.770394
23,22,-3.009708
23,23,-13.153851
23,24,-0.899207
23,25,3.323316
23,26,-3.699675
23,27,-0.286691
23,28,-0.728141
23,29,3.883693
23,30,-4.338989
23,31,-7.1214
23,32,-7.623963
23,33,-12.961722
23,34,-5.047751
23,35,-14.261938
23,36,-7.831103
23,37,-6.542286
23,38,-11.447362
23,39,-6.549382
23,40,-17.238375
23,41,-0.727157
23,42,-0.734946
23,43,4.026895
23,44,-1.625677
23,45,0.423626
23,46,-2.824257
23,47,-7.121275
23,48,-2.754082
23,49,-11.909492
23,50,2.512244
23,51,2.609449
23,52,-7.124409
23,53,0.166051
23,54,8.350738
23,55,-0.490776
23,56,-2.6315
23,57,-12.525348
23,58,-4.668859
23,59,-2.167028
23,60,1.40711
23,61,0.520265
23,62,3.555206
23,63,-1.399948
23,64,3.194434
23,65,-0.336324
23,66,-11.818
23,67,-6.629896
23,68,-8.296378
23,69,5.597252
23,70,2.063973
23,71,-2.110931
23,72,-5.279761
23,73,-1.015066
23,74,-4.333826
23,75,-3.660948
23,76,1.139596
23,77,-5.736181
23,78,-5.097841
23,79,-0.753095
23,80,-3.805158
23,81,-0.92789
23,82,-10.767709
23,83,1.80692
23,84,2.992032
23,85,0.642672
23,86,-7.64622
23,87,1.25953
23,88,-6.281987
23,89,-13.263264
23,90,-8.488525
23,91,32.284284
23,92,32.102687
23,93,32.546069
23,94,32.333114
23,95,32.979852
23,96,31.633438
23,97,32.80063
23,98,31.866617
23,99,32.715535
23,100,32.034768
24,1,-1.620818
24,2,1.361338
24,3,-0.965685
24,4,2.333806
24,5,0.153737
24,6,1.780819
24,7,-0.425079
24,8,0.535114
24,9,0.615526
24,10,-3.540007
24,11,0.946686
24,12,-0.861743
24,13,-3.784641
24,14,1.794421
24,15,0.638334
24,16,0.587408
24,17,0.200987
24,18,0.505745
24,19,-1.044681
24,20,3.698384
24,21,-1.234265
24,22,1.519567
24,23,0.899207
24,24,2.466101
24,25,-0.563277
24,26,-2.377101
24,27,-2.179813
24,28,-0.402798
24,29,1.756118
24,30,-0.125104
24,31,0.508173
24,32,-0.51067
24,33,1.880178
24,34,1.337429
24,35,1.701609
24,36,-0.018764
24,37,2.076529
24,38,1.321456
24,39,-0.848591
24,40,0.646756
24,41,-0.957833
24,42,-0.529471
24,43,1.240623
24,44,-1.073436
24,45,1.265511
24,46,1.547528
24,47,1.364633
24,48,-0.003743
24,49,-0.474071
24,50,0.86218
24,51,2.019873
24,52,1.424346
24,53,-1.534074
24,54,-1.536396
24,55,1.483242
24,56,1.311687
24,57,-0.301624
24,58,0.966517
24,59,3.275981
24,60,-0.710809
24,61,-1.417703
24,62,-0.424917
24,63,-1.418341
24,64,-0.074304
24,65,-1.138973
24,66,-0.126692
24,67,-0.196598
24,68,1.149592
24,69,-3.502608
24,70,-3.065196
24,71,0.219094
24,72,2.186362
24,73,-1.96203
24,74,2.419917
24,75,-0.390884
24,76,2.284508
24,77,-0.503703
24,78,1.456682
24,79,-1.203219
24,80,1.683171
24,81,0.037351
24,82,0.555643
24,83,0.670474
24,84,-1.385025
24,85,2.715867
24,86,0.834845
24,87,-2.075505
24,88,1.830126
24,89,0.243366
24,90,-0.761467
24,91,0.295289
24,92,0.105883
24,93,0.31437
24,94,0.136701
24,95,-0.040708
24,96,-0.006686
24,97,0.118085
24,98,0.013017
24,99,0.626824
24,100,0.137777
25,1,-3.830418
25,2,2.064224
25,3,-8.294023
25,4,-3.029023
25,5,-3.155076
25,6,-0.368619
25,7,5.466819
25,8,-1.292851
25,9,-3.260449
25,10,-0.676132
25,11,0.03525
25,12,0.390678
25,13,1.06498
25,14,-2.753546
25,15,-0.877998
25,16,2.61176
25,17,-0.144153
25,18,4.35583
25,19,-0.286953
25,20,0.565952
25,21,0.036594
25,22,4.540736
25,23,-3.323316
25,24,-0.563277
25,25,10.509319
25,26,-2.604722
25,27,-4.109838
25,28,3.145929
25,29,1.880622
25,30,7.322096
25,31,3.719704
25,32,-3.265418
25,33,1.956817
25,34,-5.195469
25,35,-0.468051
25,36,3.177633
25,37,-0.493912
25,38,-1.340048
25,39,-2.59122
25,40,0.517513
25,41,-0.237248
25,42,-4.100947
25,43,3.28082
25,44,-0.394297
25,45,1.040432
25,46,-0.118321
25,47,-1.626332
25,48,-4.504241
25,49,-2.136417
25,50,-0.044923
25,51,1.128604
25,52,2.157314
25,53,-4.555324
25,54,2.0368
25,55,0.282424
25,56,2.554194
25,57,1.147373
25,58,-0.786338
25,59,-3.721902
25,60,2.925093
25,61,4.99374
25,62,6.14595
25,63,2.186817
25,64,2.33245
25,65,0.100095
25,66,-1.393983
25,67,1.862163
25,68,-2.243142
25,69,-1.05999
25,70,4.166219
25,71,-1.196681
25,72,1.962466
25,73,-1.609577
25,74,-1.963704
25,75,1.459348
25,76,-3.176689
25,77,2.426995
25,78,-6.655863
25,79,1.648108
25,80,1.806655
25,81,-2.570694
25,82,1.967815
25,83,4.034573
25,84,2.030171
25,85,-0.821451
25,86,-1.808316
25,87,-5.497745
25,88,-5.914412
25,89,-2.042092
25,90,2.54508
25,91,-5.576749
25,92,-5.478566
25,93,-5.360463
25,94,-6.010889
25,95,-5.476338
25,96,-4.664788
25,97,-5.744479
25,98,-5.884176
25,99,-5.949169
25,100,-5.841632
26,1,-4.450904
26,2,4.411826
26,3,-2.433834
26,4,-2.886654
26,5,-2.48343
26,6,1.212113
26,7,-1.530971
26,8,-2.646353
26,9,1.047662
26,10,-5.132106
26,11,1.22403
26,12,-2.989646
26,13,-6.658564
26,14,2.716302
26,15,0.151857
26,16,0.849837
26,17,0.485341
26,18,0.787743
26,19,-2.648115
26,20,6.790298
26,21,-4.396271
26,22,1.392418
26,23,-3.699675
26,24,2.377101
26,25,2.604722
26,26,-4.737192
26,27,-3.521445
26,28,0.335577
26,29,3.280389
26,30,0.787564
26,31,-1.638811
26,32,-3.137951
26,33,-1.952969
26,34,-0.276845
26,35,-3.067215
26,36,-1.190182
26,37,0.214931
26,38,-2.640084
26,39,-4.505597
26,40,-4.941305
26,41,-0.740509
26,42,-1.590383
26,43,3.447684
26,44,-1.708614
26,45,1.838574
26,46,-0.303679
26,47,-1.84798
26,48,-2.371255
26,49,-4.854496
26,50,2.187899
26,51,3.408612
26,52,-0.367794
26,53,-2.541966
26,54,1.258899
26,55,1.880299
26,56,0.480334
26,57,-3.882775
26,58,0.573671
26,59,1.413494
26,60,1.019226
26,61,1.614508
26,62,2.303292
26,63,-1.0123
26,64,1.63061
26,65,-1.699639
26,66,-4.320842
26,67,-2.135297
26,68,-1.462974
26,69,-2.510343
26,70,-1.485919
26,71,-0.30179
26,72,0.913939
26,73,-2.394423
26,74,0.630607
26,75,-1.634809
26,76,1.409504
26,77,-1.753404
26,78,-0.839635
26,79,-0.959745
26,80,0.801785
26,81,-0.294402
26,82,-2.579849
26,83,1.693732
26,84,-1.088804
26,85,3.225262
26,86,-2.744584
26,87,-2.904165
26,88,-2.26132
26,89,-3.76446
26,90,-1.84843
26,91,9.227783
26,92,9.012408
26,93,9.48667
26,94,9.050812
26,95,9.03136
26,96,8.82815
26,97,9.111193
26,98,8.683471
26,99,9.574364
26,100,8.885901
27,1,-3.049129
27,2,3.013322
27,3,-5.085507
27,4,1.796618
27,5,-1.051001
27,6,1.949042
27,7,2.334138
27,8,0.366902
27,9,-1.387141
27,10,-3.720134
27,11,1.389483
27,12,-1.019569
27,13,-3.849525
27,14,0.622955
27,15,0.835527
27,16,1.71781
27,17,-0.16445
27,18,1.676206
27,19,-1.126581
27,20,3.827701
27,21,-2.68093
27,22,3.756206
27,23,-0.286691
27,24,2.179813
27,25,4.109838
27,26,-3.521445
27,27,-4.202567
27,28,1.357977
27,29,2.318059
27,30,2.970067
27,31,2.069556
27,32,-1.241885
27,33,3.063312
27,34,-0.349775
27,35,1.266642
27,36,2.297981
27,37,2.089154
27,38,1.554806
27,39,-1.97887
27,40,1.015007
27,41,-1.095121
27,42,-1.854158
27,43,2.650149
27,44,-0.902577
27,45,2.243916
27,46,0.938833
27,47,0.728335
27,48,-2.170846
